1 2 0.00314608 -0.00929263 0.00124213
1 3 0.00496845 -0.0126131 0.00101729
1 4 -0.0574081 -0.0192094 0.0131851
1 5 0.0142149 -0.0470255 -0.00727084
1 6 0.0214294 -0.0648024 -0.0104092
1 7 0.354453 -0.57776 -0.0650423
1 8 0.0303064 -0.0548739 -0.00779917
1 9 0.0323502 -0.134205 -0.0244758
2 1 -0.00292323 0.00653207 -0.00130955
2 3 0.003812 0.00207559 0.00103026
2 4 0.00794713 0.00389222 0.00171808
2 5 0.0141307 -0.0175424 -0.00389119
2 6 0.0231525 -0.0406188 -0.00968698
2 7 0.0254232 -0.0606772 -0.00798817
2 8 0.128166 -0.328255 -0.0441037
2 9 0.0484404 0.0690932 0.00925132
3 1 -0.0051191 0.0115908 -0.00114616
3 2 -0.00381449 -0.00207609 -0.00103402
3 4 0.00402667 0.0002778 -0.00025088
3 5 0.0113055 0.00466291 -0.00196679
3 6 0.0162138 -0.0366482 -0.00868113
3 7 0.0320458 -0.0979524 -0.0193129
3 8 0.0249992 -0.0650206 -0.0136676
3 9 0.0367518 -0.124133 -0.0240111
4 1 0.059493 0.0243717 -0.0118844
4 2 -0.00805526 -0.00416923 -0.00185024
4 3 -0.00340445 0.0106608 0.00114858
4 5 0.00524107 -0.0126757 -0.00306369
4 6 -0.0727996 -0.0325097 0.0157794
4 7 -0.193264 -0.131041 0.0313824
4 8 0.0212215 -0.0528282 -0.010412
4 9 -0.248088 -0.184091 0.0280156
5 1 -0.0142857 0.0485747 0.00758181
5 2 -0.0123125 -0.00833268 0.000411665
5 3 -0.011301 -0.0038472 0.0014023
5 4 -0.00524164 0.0125309 0.00302797
5 6 0.00662629 0.000551894 -8.07706e-05
5 7 -0.179598 -0.0998925 0.0307647
5 8 -0.275095 -0.197906 0.0431175
5 9 0.0643112 -0.145009 -0.0197391
6 1 -0.0218404 0.0567039 0.00921268
6 2 -0.0227258 -0.0094794 0.00140442
6 3 -0.0174612 0.0323793 0.00809931
6 4 0.0499048 0.0222396 -0.00768332
6 5 0.0669967 0.0221673 -0.0226559
6 7 0.00483296 0.00110259 -7.33147e-05
6 8 0.00772088 0.00309543 0.000464599
6 9 -0.306791 -0.24173 0.0349878
7 1 -0.0539396 -0.0876901 -0.0182426
