1 2 0.00283618 0.011174 0.00243477
1 3 0.00553558 0.0220854 0.00476946
1 4 0.00778954 0.0319114 0.00729862
1 5 0.0103527 0.04308 0.00984321
1 6 0.0126683 0.0534739 0.0126648
1 7 0.0149939 0.0638474 0.0154477
1 8 0.0177496 0.0760457 0.0179629
1 9 0.0208507 0.0896824 0.0209407
1 10 0.0226605 0.0990912 0.0236802
1 11 0.0252447 0.111729 0.027054
1 12 0.026988 0.122006 0.0301194
1 13 0.029222 0.134066 0.0329305
1 14 0.0307996 0.143382 0.0355551
1 15 0.0325204 0.154729 0.0391084
1 16 0.0342688 0.165953 0.0424335
1 17 0.0349692 0.174738 0.0457546
1 18 0.0400511 0.195981 0.0495043
1 19 0.0397131 0.20089 0.0521703
1 20 0.0433714 0.217662 0.0551163
1 21 0.0446567 0.229674 0.0586297
1 22 0.0437505 0.233346 0.0621703
1 23 0.0449869 0.245201 0.0653674
1 24 0.0465309 0.257628 0.0687936
1 25 0.0474075 0.268616 0.072151
1 26 0.0494955 0.283054 0.0755557
1 27 0.0512852 0.296802 0.0786401
1 28 0.0519215 0.307379 0.082036
1 29 0.0505817 0.312029 0.0856184
1 30 0.0524055 0.326714 0.0889693
1 31 0.0532686 0.33928 0.0924739
1 32 0.0541624 0.351319 0.0959696
1 33 0.0545835 0.363439 0.099608
1 34 0.0576298 0.385604 0.103183
1 35 0.0554255 0.38531 0.106195
1 36 0.0550634 0.39381 0.11009
1 37 0.0567902 0.41183 0.11281
1 38 0.0566317 0.421538 0.116311
1 39 0.0555794 0.427995 0.119819
1 40 0.058806 0.454043 0.124253
1 41 0.0561715 0.452251 0.126352
1 42 0.0544884 0.456435 0.129325
1 43 0.0557314 0.47301 0.132629
1 44 0.0551458 0.481408 0.135035
1 45 0.0549382 0.493038 0.138914
1 46 0.054684 0.503911 0.141684
1 47 0.0548672 0.516644 0.145013
1 48 0.0543066 0.52637 0.147922
1 49 0.0533026 0.53372 0.150594
1 50 0.0527797 0.544265 0.15329
2 1 -0.00266764 -0.0108104 -0.00230822
2 3 0.0031921 0.0122141 0.00234363
2 4 0.00553713 0.0231145 0.00528442
2 5 0.00801383 0.0336825 0.00787324
2 6 0.0107721 0.0445917 0.0100448
2 7 0.013157 0.0556942 0.0129355
2 8 0.0155245 0.0667545 0.0157179
2 9 0.0189558 0.0818753 0.0184073
2 10 0.0217426 0.0930737 0.0214154
2 11 0.0235324 0.105085 0.0241293
2 12 0.0252693 0.113465 0.0276704
2 13 0.026605 0.12344 0.0306391
2 14 0.0290944 0.136353 0.0334194
2 15 0.0300485 0.144576 0.0365789
2 16 0.0310532 0.153793 0.0398156
2 17 0.0336038 0.167109 0.0431176
2 18 0.0338652 0.174144 0.0466301
2 19 0.0381107 0.194106 0.0497945
2 20 0.0406502 0.208054 0.0535493
2 21 0.0400958 0.213067 0.0562941
2 22 0.0412216 0.223446 0.0595725
2 23 0.042128 0.233682 0.0631479
2 24 0.0447612 0.250194 0.0661828
2 25 0.045711 0.259903 0.0696711
2 26 0.044991 0.267083 0.0736378
2 27 0.0477853 0.284107 0.0770125
2 28 0.0477426 0.292135 0.080179
2 29 0.0507045 0.309663 0.0827251
2 30 0.0500886 0.317154 0.0869816
2 31 0.0508585 0.329249 0.0904908
2 32 0.0504949 0.337133 0.0938591
2 33 0.052231 0.352633 0.0970785
2 34 0.0532613 0.366906 0.100935
2 35 0.0527427 0.374667 0.103841
2 36 0.0525165 0.383422 0.107406
2 37 0.0532435 0.396862 0.111116
2 38 0.0541084 0.411102 0.114012
2 39 0.0537185 0.419838 0.11761
2 40 0.0538187 0.431263 0.120629
2 41 0.0520727 0.434399 0.123083
2 42 0.0510441 0.442673 0.127053
2 43 0.053038 0.461442 0.130645
2 44 0.0538748 0.476445 0.133776
2 45 0.0499707 0.470329 0.135592
2 46 0.0528701 0.495623 0.139757
2 47 0.0509986 0.499776 0.142435
2 48 0.0507691 0.51042 0.145207
2 49 0.0514421 0.526546 0.148739
2 50 0.0497066 0.530315 0.151306
3 1 -0.00548013 -0.0219215 -0.00474114
3 2 -0.00274918 -0.0109945 -0.00232305
3 4 0.00320886 0.0135839 0.00270595
3 5 0.00545418 0.0225282 0.00527092
3 6 0.00748825 0.032422 0.00789049
3 7 0.00988136 0.043381 0.0105175
3 8 0.0124905 0.0547915 0.0132827
3 9 0.0153071 0.0671696 0.015965
3 10 0.017132 0.0771584 0.0190819
3 11 0.0208832 0.0936367 0.0218036
3 12 0.0219991 0.101022 0.0249295
3 13 0.0238651 0.112183 0.028225
3 14 0.0250703 0.120921 0.0310409
3 15 0.0274909 0.133952 0.0343541
3 16 0.0294468 0.145325 0.0373727
3 17 0.0317341 0.158545 0.0409326
3 18 0.0330297 0.169014 0.0441888
3 19 0.0347327 0.18014 0.0473214
3 20 0.0360342 0.190408 0.0504548
3 21 0.0376168 0.202586 0.0536374
3 22 0.0383866 0.212479 0.0573292
3 23 0.0410611 0.228283 0.0607948
3 24 0.0419625 0.238025 0.0642727
3 25 0.0397918 0.238465 0.0673921
3 26 0.0437251 0.259374 0.0708671
3 27 0.0466329 0.277895 0.074948
3 28 0.0459397 0.284147 0.0783125
3 29 0.0466843 0.294989 0.0813907
3 30 0.047379 0.306179 0.0849406
3 31 0.0488848 0.320244 0.0881716
3 32 0.0487509 0.329161 0.0917143
3 33 0.0488064 0.337842 0.0945746
3 34 0.0509633 0.356155 0.0981045
3 35 0.0506626 0.366429 0.101578
3 36 0.0478746 0.363498 0.105375
3 37 0.0512387 0.387616 0.108617
3 38 0.0510787 0.398083 0.112282
3 39 0.0517356 0.410534 0.115741
3 40 0.0500302 0.414336 0.118535
3 41 0.0503906 0.426938 0.121329
3 42 0.0501694 0.437439 0.125143
3 43 0.0568136 0.479799 0.13061
3 44 0.0505532 0.462241 0.13154
3 45 0.0498244 0.469971 0.134016
3 46 0.0493993 0.480134 0.1373
3 47 0.0497382 0.494277 0.140841
3 48 0.0500615 0.508052 0.143647
3 49 0.0492082 0.516111 0.146759
3 50 0.0493449 0.529863 0.149689
4 1 -0.00767126 -0.0315171 -0.00738131
4 2 -0.00586579 -0.0230473 -0.0046991
4 3 -0.00276429 -0.0116688 -0.00254028
4 5 0.00234897 0.0107816 0.00266226
4 6 0.00495282 0.022438 0.00599402
4 7 0.00752356 0.0327637 0.00807628
4 8 0.00984863 0.0436763 0.0107304
4 9 0.0121418 0.0550262 0.0136739
4 10 0.0144002 0.0660823 0.0163868
4 11 0.0192599 0.0854733 0.0199525
4 12 0.0192909 0.0900706 0.0226293
4 13 0.0203264 0.0984472 0.0255428
4 14 0.0219615 0.108309 0.0284424
4 15 0.0255167 0.124831 0.0318363
4 16 0.0278557 0.137249 0.0351315
4 17 0.0295742 0.148498 0.0383515
4 18 0.0310018 0.159364 0.0417807
4 19 0.0321857 0.169587 0.0450202
4 20 0.0333343 0.179474 0.0482788
4 21 0.0351363 0.191952 0.0514177
4 22 0.0365313 0.203469 0.0547777
4 23 0.0377363 0.214535 0.0582778
4 24 0.0375358 0.220394 0.0616304
4 25 0.0379748 0.230441 0.0650718
4 26 0.0391128 0.241777 0.0685137
4 27 0.0437214 0.265694 0.0722373
4 28 0.0441179 0.274991 0.0754702
4 29 0.0433249 0.280859 0.0791365
4 30 0.0458575 0.298547 0.0822757
4 31 0.0461294 0.308855 0.0860874
4 32 0.0465069 0.319057 0.0893192
4 33 0.0465631 0.328495 0.0925156
4 34 0.0469597 0.339802 0.0961589
4 35 0.0482031 0.354413 0.0997773
4 36 0.0484321 0.36504 0.102984
4 37 0.0469 0.369193 0.10646
4 38 0.048401 0.385372 0.109562
4 39 0.0486742 0.397872 0.113244
4 40 0.0474224 0.402951 0.116641
4 41 0.048209 0.417107 0.119634
4 42 0.0484624 0.429942 0.123192
4 43 0.0484534 0.440946 0.126039
4 44 0.0493423 0.455389 0.128588
4 45 0.0474963 0.460206 0.132959
4 46 0.0477304 0.472689 0.135187
4 47 0.0467255 0.480631 0.137709
4 48 0.0462965 0.49004 0.141068
4 49 0.0476247 0.510208 0.145403
4 50 0.0445796 0.506949 0.147187
5 1 -0.0101241 -0.0424094 -0.0100279
5 2 -0.00815895 -0.034012 -0.00776825
5 3 -0.00511094 -0.021795 -0.00515675
5 4 -0.00254429 -0.0113468 -0.00288975
5 6 0.00273419 0.012218 0.00303124
5 7 0.00534602 0.023559 0.00539084
5 8 0.00713276 0.0324111 0.00806015
5 9 0.00947966 0.043258 0.0107773
5 10 0.0120576 0.0560135 0.013821
5 11 0.0147184 0.0681739 0.0167552
5 12 0.0163767 0.0781189 0.019692
5 13 0.0175835 0.0866932 0.0229515
5 14 0.0201624 0.0993435 0.0257561
5 15 0.0229912 0.113297 0.0289011
5 16 0.0243238 0.123495 0.0323054
5 17 0.0260449 0.134518 0.0356931
5 18 0.0277718 0.145941 0.0387792
5 19 0.0293848 0.157405 0.0423202
5 20 0.0303541 0.166802 0.0453003
5 21 0.0314443 0.176606 0.0487593
5 22 0.0340257 0.192571 0.0521747
5 23 0.0355615 0.204521 0.0555559
5 24 0.03646 0.215481 0.0593377
5 25 0.0359556 0.220657 0.0624767
5 26 0.036609 0.23075 0.065965
5 27 0.0409241 0.253782 0.0696354
5 28 0.0406913 0.261368 0.0729498
5 29 0.0410124 0.269504 0.0758817
5 30 0.0416095 0.280983 0.0797952
5 31 0.0439514 0.298393 0.0837554
5 32 0.0442651 0.308936 0.087091
5 33 0.0460301 0.325512 0.0906588
5 34 0.0452243 0.331583 0.0936434
5 35 0.0451377 0.340792 0.0973032
5 36 0.0464734 0.356315 0.101077
5 37 0.0451517 0.360596 0.103914
5 38 0.0448385 0.36932 0.107534
5 39 0.0464465 0.387655 0.111151
5 40 0.0474974 0.402813 0.114369
5 41 0.0458954 0.406189 0.117493
5 42 0.0461226 0.418992 0.120579
5 43 0.0452262 0.426073 0.12339
5 44 0.0459252 0.440905 0.126641
5 45 0.0461572 0.453358 0.129739
5 46 0.0456638 0.464165 0.133677
5 47 0.0440161 0.467764 0.135753
5 48 0.043211 0.477025 0.13912
5 49 0.0436553 0.490374 0.142423
5 50 0.0410319 0.489707 0.144368
6 1 -0.0128838 -0.0540944 -0.0128143
6 2 -0.010704 -0.0447213 -0.0102228
6 3 -0.00830713 -0.03486 -0.00810582
6 4 -0.00499186 -0.0226077 -0.00585368
6 5 -0.00289691 -0.0127005 -0.00309184
6 7 0.00295704 0.0129599 0.00269268
6 8 0.00524707 0.0239091 0.00581982
6 9 0.00747586 0.0344322 0.00852966
6 10 0.00923699 0.0441214 0.0113507
6 11 0.0120878 0.0566665 0.0139091
6 12 0.013555 0.065597 0.0172038
6 13 0.0161714 0.0786977 0.0200964
6 14 0.0167937 0.0863878 0.0235921
6 15 0.0195818 0.0997428 0.0261658
6 16 0.0215601 0.111498 0.0297794
6 17 0.0235033 0.123702 0.0333286
6 18 0.0251048 0.133922 0.0361905
6 19 0.0270368 0.14665 0.0395955
6 20 0.0282109 0.156605 0.0426721
6 21 0.031872 0.17506 0.046623
6 22 0.0326729 0.184944 0.049495
6 23 0.0329905 0.192776 0.0531704
6 24 0.0362192 0.210851 0.0561351
6 25 0.0347752 0.212572 0.0594528
6 26 0.0339051 0.218087 0.0631351
6 27 0.0348946 0.230311 0.0667445
6 28 0.0371675 0.245172 0.0699273
6 29 0.0381224 0.257341 0.0734786
6 30 0.0407488 0.275996 0.0776913
6 31 0.0412822 0.286918 0.0809213
6 32 0.0417635 0.29739 0.0848771
6 33 0.0420083 0.308351 0.0881142
6 34 0.0424324 0.318744 0.0913095
6 35 0.0430616 0.331035 0.0946898
6 36 0.0432802 0.341754 0.0981933
6 37 0.0434133 0.35225 0.101535
6 38 0.0440783 0.365051 0.104614
6 39 0.043815 0.375098 0.107893
6 40 0.0426774 0.381333 0.111848
6 41 0.0443316 0.398759 0.114652
6 42 0.043192 0.405231 0.118151
6 43 0.0425451 0.413283 0.121507
6 44 0.0450057 0.436132 0.124612
6 45 0.042351 0.436524 0.12801
6 46 0.044178 0.457088 0.131469
6 47 0.0412847 0.454558 0.133013
6 48 0.0420718 0.470768 0.136613
6 49 0.0406453 0.475146 0.139778
6 50 0.0399181 0.484793 0.142519
7 1 -0.0152649 -0.0650821 -0.0154338
7 2 -0.0130447 -0.0557497 -0.0131674
7 3 -0.0100265 -0.0437175 -0.0105422
7 4 -0.00748139 -0.0329774 -0.00792924
7 5 -0.00546435 -0.0232057 -0.00530607
7 6 -0.00285431 -0.0124698 -0.00234268
7 8 0.00412606 0.0166394 0.00261888
7 9 0.00694755 0.0278875 0.00542406
7 10 0.00692679 0.033106 0.00831403
7 11 0.00995773 0.046638 0.0117012
7 12 0.0112453 0.0553482 0.0142222
7 13 0.01366 0.0675097 0.0173998
7 14 0.0151813 0.0776525 0.0207341
7 15 0.0176807 0.0900452 0.0234859
7 16 0.0194343 0.101658 0.0272869
7 17 0.0209048 0.111914 0.0302902
7 18 0.0226584 0.123155 0.0332721
7 19 0.0249256 0.136323 0.0364889
7 20 0.025802 0.145812 0.040412
7 21 0.0284546 0.161486 0.0439611
7 22 0.0289083 0.169473 0.0470694
7 23 0.0309391 0.183168 0.0503755
7 24 0.0317152 0.193185 0.0538646
7 25 0.0343705 0.207998 0.057315
7 26 0.0322769 0.210216 0.0609721
7 27 0.0340455 0.224568 0.0645604
7 28 0.0336617 0.231673 0.0685082
7 29 0.0359234 0.246984 0.0712785
7 30 0.0386812 0.265715 0.0745836
7 31 0.0392903 0.277219 0.0786673
7 32 0.0395896 0.286972 0.0821089
7 33 0.0403665 0.299515 0.0852865
7 34 0.0404208 0.309424 0.0889027
7 35 0.0409833 0.321252 0.0918447
7 36 0.0411187 0.332436 0.0961535
7 37 0.0408979 0.340843 0.0996756
7 38 0.0389501 0.342115 0.101953
7 39 0.0410607 0.362546 0.1056
7 40 0.0418297 0.375465 0.109365
7 41 0.0415919 0.385977 0.112194
7 42 0.0405632 0.39256 0.115425
7 43 0.0415207 0.408647 0.11906
7 44 0.0405213 0.414785 0.121534
7 45 0.0406401 0.427251 0.125503
7 46 0.0388168 0.430751 0.128002
7 47 0.0399774 0.449634 0.132247
7 48 0.0385457 0.453313 0.134371
7 49 0.0389558 0.467615 0.1378
7 50 0.037648 0.472994 0.14068
8 1 -0.0178567 -0.0761892 -0.0178788
8 2 -0.0171058 -0.0716557 -0.0156973
8 3 -0.0123943 -0.0544346 -0.0131467
8 4 -0.0101198 -0.0446916 -0.0108827
8 5 -0.00700265 -0.0321368 -0.00807602
8 6 -0.00540692 -0.0243617 -0.00591295
8 7 -0.00388052 -0.0161128 -0.00289126
8 9 0.00378215 0.0150601 0.00297879
8 10 0.00480774 0.0225803 0.00556161
8 11 0.00673431 0.0327307 0.00831364
8 12 0.00935385 0.0456575 0.0115556
8 13 0.0107653 0.0550375 0.0146243
8 14 0.013103 0.0674103 0.0176715
8 15 0.0162913 0.0821026 0.0210403
8 16 0.0167851 0.0898694 0.024475
8 17 0.0187187 0.101743 0.0276193
8 18 0.020621 0.113383 0.030757
8 19 0.0236814 0.128652 0.03412
8 20 0.0241747 0.137027 0.0376372
8 21 0.0269218 0.153175 0.0413401
8 22 0.0263294 0.157839 0.044317
8 23 0.0276565 0.168948 0.0476417
8 24 0.0293675 0.181608 0.0511191
8 25 0.0316567 0.196428 0.0545512
8 26 0.0309005 0.202123 0.0580959
8 27 0.0329385 0.217634 0.0616228
8 28 0.0319353 0.221827 0.0648948
8 29 0.0329164 0.233636 0.0681865
8 30 0.0368071 0.256198 0.0721327
8 31 0.0379662 0.269845 0.0757261
8 32 0.0375673 0.277172 0.0795545
8 33 0.0384097 0.290034 0.0831919
8 34 0.0381107 0.298294 0.0863322
8 35 0.0391756 0.312111 0.0895056
8 36 0.0388257 0.320377 0.0931447
8 37 0.0380509 0.326636 0.0961262
8 38 0.0389259 0.340467 0.0995498
8 39 0.0390069 0.351871 0.102863
8 40 0.0388928 0.36191 0.106367
8 41 0.038901 0.372785 0.109625
8 42 0.0386945 0.38361 0.113015
8 43 0.0389244 0.395894 0.116162
8 44 0.0377224 0.402443 0.119442
8 45 0.0386149 0.417951 0.122931
8 46 0.0385539 0.428377 0.125643
8 47 0.0392251 0.444011 0.129734
8 48 0.037028 0.44626 0.132074
8 49 0.0365641 0.455579 0.134559
8 50 0.0350297 0.460289 0.137803
9 1 -0.0201358 -0.0872223 -0.020902
9 2 -0.0190344 -0.0818747 -0.0190906
9 3 -0.0154693 -0.0675713 -0.0161131
9 4 -0.0127528 -0.0565825 -0.0135868
9 5 -0.00977839 -0.0443237 -0.0107873
9 6 -0.00731631 -0.0338755 -0.00833721
9 7 -0.00602248 -0.0260972 -0.0058962
9 8 -0.00336566 -0.0146792 -0.00335795
9 10 0.00266223 0.0124991 0.00289521
9 11 0.00476391 0.0226269 0.00562998
9 12 0.0070776 0.0346408 0.00890971
9 13 0.00888207 0.0453136 0.0119894
9 14 0.0105262 0.055558 0.0149764
9 15 0.0130065 0.0687316 0.0182632
9 16 0.0147454 0.0796828 0.0215041
9 17 0.0165388 0.0907042 0.0248845
9 18 0.0178436 0.100881 0.0279736
9 19 0.0208215 0.116384 0.0315068
9 20 0.0243962 0.134449 0.0346246
9 21 0.0250095 0.141803 0.0377216
9 22 0.0256445 0.151723 0.0412438
9 23 0.0287779 0.171108 0.0446004
9 24 0.0277949 0.17422 0.0488259
9 25 0.0293094 0.185782 0.0520787
9 26 0.0289744 0.192406 0.0550532
9 27 0.0284813 0.199416 0.0592502
9 28 0.0308329 0.215214 0.0626745
9 29 0.0308993 0.223947 0.0657302
9 30 0.03094 0.231267 0.0690013
9 31 0.0342285 0.253639 0.0730101
9 32 0.0351173 0.26467 0.0765428
9 33 0.0341887 0.270446 0.0795776
9 34 0.0346304 0.281425 0.0832635
9 35 0.0359385 0.296486 0.0870825
9 36 0.0338273 0.296862 0.090192
9 37 0.0350516 0.311503 0.0943374
9 38 0.0364833 0.329119 0.0972421
9 39 0.0355977 0.335128 0.0996908
9 40 0.0351563 0.344151 0.104001
9 41 0.0371388 0.364515 0.107285
9 42 0.0364888 0.37191 0.110517
9 43 0.0361506 0.381381 0.113469
9 44 0.0368193 0.39673 0.116491
9 45 0.0361591 0.405671 0.120249
9 46 0.0349142 0.410791 0.123316
9 47 0.0354724 0.425793 0.12683
9 48 0.0352736 0.437299 0.1295
9 49 0.0350613 0.448225 0.132878
9 50 0.0345651 0.458274 0.135258
10 1 -0.022006 -0.0969777 -0.0235973
10 2 -0.0210784 -0.0927736 -0.0214631
10 3 -0.0172101 -0.0773888 -0.0190827
10 4 -0.014757 -0.0672018 -0.0165303
10 5 -0.0119309 -0.0554625 -0.01382
10 6 -0.00992227 -0.0459386 -0.0112259
10 7 -0.00720036 -0.0339451 -0.00838087
10 8 -0.00483648 -0.0225216 -0.00563704
10 9 -0.0030334 -0.0137604 -0.00284732
10 11 0.00275426 0.0132138 0.00308825
10 12 0.0048259 0.0238293 0.00601236
10 13 0.00671365 0.0345324 0.00920887
10 14 0.00878581 0.0462293 0.0120677
10 15 0.0105733 0.0569783 0.015313
10 16 0.0121664 0.0672371 0.0186919
10 17 0.0142747 0.0799021 0.0218465
10 18 0.0165323 0.0931153 0.025157
10 19 0.0173106 0.101415 0.0284806
10 20 0.0197306 0.115448 0.0319463
10 21 0.0202266 0.123284 0.0353701
10 22 0.0221952 0.136369 0.038267
10 23 0.023582 0.148364 0.0420272
10 24 0.0247007 0.159756 0.0457247
10 25 0.0272111 0.173924 0.0489617
10 26 0.0273267 0.1832 0.0526099
10 27 0.0276178 0.192069 0.0560317
10 28 0.028921 0.205104 0.059497
10 29 0.0292271 0.214388 0.0629776
10 30 0.0326408 0.234984 0.0671852
10 31 0.0348275 0.252814 0.0702397
10 32 0.0334972 0.257335 0.0741575
10 33 0.0337311 0.266758 0.0776825
10 34 0.0343344 0.278462 0.0804521
10 35 0.034375 0.288054 0.0845037
10 36 0.0343623 0.298596 0.0879388
10 37 0.0344584 0.308502 0.0909276
10 38 0.0347368 0.31979 0.0942992
10 39 0.0347717 0.330596 0.0977047
10 40 0.0344612 0.339906 0.101884
10 41 0.0347795 0.351771 0.104342
10 42 0.0345401 0.36156 0.107419
10 43 0.0338076 0.36981 0.110895
10 44 0.0344389 0.383043 0.1131
10 45 0.0337593 0.39259 0.116733
10 46 0.0334183 0.402602 0.120267
10 47 0.0338512 0.416955 0.123589
10 48 0.0325948 0.423204 0.126299
10 49 0.0328003 0.436437 0.130329
10 50 0.0314799 0.441344 0.132529
11 1 -0.0253689 -0.112721 -0.026916
11 2 -0.0237154 -0.105043 -0.024204
11 3 -0.0207935 -0.0931333 -0.0218384
11 4 -0.0194359 -0.0862932 -0.0191956
11 5 -0.0147675 -0.0685727 -0.017101
11 6 -0.0120346 -0.0567057 -0.0142262
11 7 -0.00994693 -0.0463178 -0.0112822
11 8 -0.00662893 -0.0329429 -0.0086314
11 9 -0.00460223 -0.0223127 -0.00568461
11 10 -0.00288074 -0.0135668 -0.00298072
11 12 0.00315619 0.0147929 0.0032857
11 13 0.00445818 0.0234004 0.00609001
11 14 0.0072646 0.0370904 0.00871229
11 15 0.00839295 0.0459614 0.0124714
11 16 0.0110989 0.0599288 0.0151847
11 17 0.0118856 0.0681179 0.0189074
11 18 0.0136634 0.0793116 0.0220082
11 19 0.0156579 0.0922482 0.0255789
11 20 0.0198186 0.111628 0.0287015
11 21 0.0186147 0.114694 0.0322267
11 22 0.0234089 0.139588 0.0356852
11 23 0.0217769 0.138666 0.0392313
11 24 0.0226695 0.14898 0.0424949
11 25 0.023205 0.159102 0.0462342
11 26 0.0284814 0.182345 0.048763
11 27 0.0267166 0.18514 0.0530238
11 28 0.0260175 0.190991 0.0565206
11 29 0.0292975 0.210631 0.0598971
11 30 0.0279109 0.215096 0.063184
11 31 0.0309743 0.235603 0.0678766
11 32 0.0320255 0.247799 0.0704117
11 33 0.0318078 0.257192 0.0741261
11 34 0.0326201 0.268591 0.0776624
11 35 0.0325951 0.279004 0.0819225
11 36 0.0321918 0.285651 0.0844916
11 37 0.0327388 0.29925 0.0883925
11 38 0.0328807 0.310175 0.0917057
11 39 0.0329819 0.321482 0.0953647
11 40 0.0327177 0.32995 0.098182
11 41 0.0326455 0.33997 0.100671
11 42 0.0352397 0.364672 0.105325
11 43 0.0325862 0.362348 0.108071
11 44 0.0323375 0.37282 0.111462
11 45 0.0319947 0.382437 0.11513
11 46 0.0315079 0.393199 0.117631
11 47 0.0311899 0.402529 0.120641
11 48 0.0310645 0.414517 0.123922
11 49 0.0298093 0.419766 0.126752
11 50 0.0303799 0.435575 0.12965
12 1 -0.0273329 -0.122828 -0.0300329
12 2 -0.0247569 -0.113045 -0.0277618
12 3 -0.0211583 -0.098707 -0.0247271
12 4 -0.0197566 -0.0914324 -0.022569
12 5 -0.0165407 -0.0787081 -0.019858
12 6 -0.0139678 -0.0674041 -0.0174733
12 7 -0.0113432 -0.0558324 -0.0145262
12 8 -0.00928097 -0.0459482 -0.0117396
12 9 -0.00648507 -0.0333213 -0.00884152
12 10 -0.00463763 -0.0233927 -0.0060647
12 11 -0.00344626 -0.0150528 -0.00336465
12 13 0.00627215 0.0185367 0.00401595
12 14 0.00964417 0.0371581 0.00633905
12 15 0.0119883 0.0516113 0.00878313
12 16 0.00793499 0.0450318 0.0123302
12 17 0.00971944 0.0566421 0.0158372
12 18 0.0115452 0.0678705 0.0189728
12 19 0.0135547 0.0802882 0.0218969
12 20 0.0150425 0.0920435 0.0262273
12 21 0.0160591 0.101813 0.0293389
12 22 0.0199003 0.123988 0.0320776
12 23 0.0198474 0.127567 0.0360421
12 24 0.0214226 0.139476 0.0390247
12 25 0.0234842 0.154389 0.0426993
12 26 0.0235217 0.161572 0.0462648
12 27 0.0232675 0.170057 0.0502567
12 28 0.0249377 0.182916 0.0534677
12 29 0.0274142 0.201066 0.0572811
12 30 0.0253656 0.201061 0.0603742
12 31 0.0298025 0.226505 0.0641046
12 32 0.0295904 0.235929 0.0673391
12 33 0.0300784 0.246277 0.0710273
12 34 0.0302046 0.256773 0.0750853
12 35 0.0307545 0.268805 0.0786188
12 36 0.0305044 0.277664 0.0821087
12 37 0.0302206 0.286503 0.0855946
12 38 0.0301292 0.295134 0.0887017
12 39 0.0309948 0.309877 0.0922892
12 40 0.0299966 0.316193 0.0956139
12 41 0.0314264 0.332802 0.0987524
12 42 0.0307501 0.341504 0.102276
12 43 0.0312389 0.354455 0.105168
12 44 0.0309341 0.364839 0.109112
12 45 0.0300165 0.371834 0.111844
12 46 0.0301261 0.384505 0.114963
12 47 0.0289971 0.391194 0.118414
12 48 0.029207 0.405121 0.121977
12 49 0.0280678 0.410751 0.124363
12 50 0.0266671 0.416208 0.127587
13 1 -0.0291006 -0.133345 -0.0328204
13 2 -0.0266551 -0.123466 -0.0308475
13 3 -0.0228115 -0.109168 -0.0281754
13 4 -0.0213303 -0.101169 -0.0253993
13 5 -0.0183513 -0.0891614 -0.0227688
13 6 -0.0159575 -0.078606 -0.0201046
13 7 -0.0144 -0.0696407 -0.0175879
13 8 -0.0107048 -0.0551031 -0.0147003
13 9 -0.008745 -0.0448651 -0.0119691
13 10 -0.00671179 -0.0345943 -0.00906003
13 11 -0.00434116 -0.0230349 -0.00613556
13 12 -0.00644325 -0.0189647 -0.0030732
13 14 0.00492896 0.0205913 0.00264453
13 15 0.00619112 0.0303995 0.00607085
13 16 0.00600759 0.034667 0.00964125
13 17 0.00933342 0.0512833 0.0128114
13 18 0.00929172 0.0564536 0.0157658
13 19 0.0109464 0.068056 0.0193543
13 20 0.0131433 0.0815267 0.0227989
13 21 0.0176871 0.102717 0.0250976
13 22 0.015692 0.102744 0.0292356
13 23 0.0177609 0.116015 0.0328104
13 24 0.0194628 0.130565 0.0359446
13 25 0.01999 0.138057 0.0397262
13 26 0.0203452 0.147633 0.0431154
13 27 0.0217029 0.159635 0.0467774
13 28 0.0225754 0.171297 0.0505132
13 29 0.0229249 0.180445 0.0541768
13 30 0.0247329 0.194827 0.057103
13 31 0.0260868 0.208792 0.0611546
13 32 0.0265557 0.219927 0.064765
13 33 0.0256085 0.224797 0.0681311
13 34 0.0279641 0.244144 0.0719392
13 35 0.0282528 0.254789 0.0750802
13 36 0.0286038 0.266752 0.079261
13 37 0.0283847 0.275134 0.082181
13 38 0.0284259 0.285836 0.0863054
13 39 0.029591 0.301614 0.0894133
13 40 0.0276937 0.303101 0.0922337
13 41 0.0284408 0.317866 0.09591
13 42 0.0296019 0.333007 0.0993846
13 43 0.0291294 0.342424 0.102251
13 44 0.0289028 0.353244 0.1055
13 45 0.0277236 0.359543 0.108813
13 46 0.028374 0.3734 0.112031
13 47 0.0272564 0.381162 0.115286
13 48 0.0270246 0.392237 0.118227
13 49 0.0258224 0.398299 0.121781
13 50 0.0255669 0.40932 0.124427
14 1 -0.0312882 -0.145043 -0.0360452
14 2 -0.0290226 -0.135844 -0.0336319
14 3 -0.0254122 -0.12158 -0.0308199
14 4 -0.0222313 -0.108397 -0.0281664
14 5 -0.0203902 -0.100595 -0.0259228
14 6 -0.0169061 -0.0868951 -0.0237143
14 7 -0.0155733 -0.0784967 -0.0203766
14 8 -0.0137402 -0.0691873 -0.0176035
14 9 -0.0106596 -0.055765 -0.0149564
14 10 -0.00878155 -0.0457608 -0.0120597
14 11 -0.00744268 -0.0367707 -0.00932745
14 12 -0.00888155 -0.0381502 -0.00640793
14 13 -0.00421283 -0.0184081 -0.00301772
14 15 0.00402577 0.0178795 0.00253062
14 16 0.00435171 0.0241059 0.00612071
14 17 0.00737131 0.038775 0.00977364
14 18 0.00824356 0.0485013 0.0127659
14 19 0.00922827 0.057718 0.0162676
14 20 0.0113578 0.0706792 0.0193853
14 21 0.0125349 0.0808618 0.0227529
14 22 0.0140057 0.0919221 0.026294
14 23 0.0151792 0.103041 0.0300039
14 24 0.0167007 0.115432 0.0329168
14 25 0.0179477 0.127546 0.036902
14 26 0.0194645 0.139884 0.040506
14 27 0.0224545 0.15627 0.0438729
14 28 0.0213893 0.162573 0.0474047
14 29 0.0219982 0.173635 0.0512266
14 30 0.0223843 0.183163 0.0544567
14 31 0.0237212 0.196665 0.0579655
14 32 0.0233251 0.202989 0.0614923
14 33 0.0257184 0.223291 0.0655259
14 34 0.02622 0.234127 0.0688206
14 35 0.0265692 0.245178 0.0726927
14 36 0.0266608 0.255448 0.0758543
14 37 0.0266882 0.265292 0.0794201
14 38 0.0266894 0.275562 0.0829312
14 39 0.0267173 0.286077 0.0864015
14 40 0.0271615 0.297538 0.089323
14 41 0.0276182 0.310875 0.0933052
14 42 0.0267049 0.31813 0.0960671
14 43 0.0266888 0.329162 0.0996502
14 44 0.0262197 0.338844 0.103286
14 45 0.0256435 0.34742 0.10592
14 46 0.025701 0.358663 0.109426
14 47 0.0262487 0.373851 0.11329
14 48 0.0254743 0.3824 0.115901
14 49 0.0246928 0.390491 0.118912
14 50 0.0226033 0.391313 0.121268
15 1 -0.0327353 -0.154829 -0.0388735
15 2 -0.0304338 -0.145751 -0.0366293
15 3 -0.0274062 -0.133576 -0.0341595
15 4 -0.0246476 -0.122005 -0.0316934
15 5 -0.0227828 -0.112449 -0.0287428
15 6 -0.020201 -0.1013 -0.0259951
15 7 -0.0176322 -0.0902754 -0.0235775
15 8 -0.0156429 -0.0813047 -0.021091
15 9 -0.0128222 -0.0676692 -0.0180529
15 10 -0.0106751 -0.05692 -0.0152072
15 11 -0.00837121 -0.0456137 -0.0124618
15 12 -0.0105822 -0.0481196 -0.00958312
15 13 -0.00536226 -0.0269621 -0.00619804
15 14 -0.0032914 -0.0154899 -0.00282608
15 16 0.00299342 0.0141661 0.00317375
15 17 0.00447385 0.0250226 0.00627959
15 18 0.00649244 0.0372367 0.00962382
15 19 0.00786359 0.0474008 0.0129177
15 20 0.00867629 0.0570823 0.016379
15 21 0.0106596 0.0699607 0.0198523
15 22 0.0117976 0.0805983 0.0233473
15 23 0.013658 0.0935833 0.026424
15 24 0.0143719 0.103232 0.0303243
15 25 0.0153827 0.11416 0.0338254
15 26 0.0167556 0.126197 0.0373235
15 27 0.0187056 0.140006 0.0404863
15 28 0.0190656 0.150174 0.0443312
15 29 0.0193639 0.159018 0.0476793
15 30 0.020879 0.17341 0.0515074
15 31 0.0213964 0.184004 0.0549659
15 32 0.0219527 0.194693 0.0582684
15 33 0.0229245 0.207542 0.0621374
15 34 0.0255126 0.226829 0.0657999
15 35 0.0244588 0.233938 0.0699479
15 36 0.0246489 0.244342 0.0734785
15 37 0.0248155 0.254587 0.0773157
15 38 0.0248119 0.26471 0.0803649
15 39 0.0247314 0.273615 0.082939
15 40 0.0250997 0.286018 0.0862763
15 41 0.0250057 0.297117 0.0902802
15 42 0.0254228 0.3099 0.0934501
15 43 0.0243763 0.315955 0.0962639
15 44 0.023564 0.322791 0.0999405
15 45 0.0243569 0.339481 0.103536
15 46 0.0244471 0.352063 0.107246
15 47 0.0235603 0.358882 0.109667
15 48 0.0233027 0.369807 0.112741
15 49 0.0226241 0.377275 0.115132
15 50 0.0221785 0.38778 0.118232
16 1 -0.0339427 -0.164734 -0.0424993
16 2 -0.0311471 -0.15391 -0.0398452
16 3 -0.0300891 -0.147187 -0.0373802
16 4 -0.0267041 -0.13389 -0.0349544
16 5 -0.0243064 -0.123461 -0.0324182
16 6 -0.0217168 -0.11185 -0.0295557
16 7 -0.019368 -0.101721 -0.027138
16 8 -0.0171008 -0.0908445 -0.0243696
16 9 -0.0149773 -0.08019 -0.0215225
16 10 -0.0123637 -0.0679727 -0.0188146
16 11 -0.0111152 -0.0594295 -0.0157259
16 12 -0.00794175 -0.0452704 -0.0124929
16 13 -0.00611091 -0.0350089 -0.009399
16 14 -0.00581874 -0.0285992 -0.00610758
16 15 -0.00311562 -0.0156034 -0.00321584
16 17 0.00322246 0.0153025 0.00339298
16 18 0.00379367 0.023437 0.00631473
16 19 0.00549189 0.035173 0.00989854
16 20 0.00730167 0.0474781 0.0131854
16 21 0.00848673 0.0577776 0.0168253
16 22 0.0099667 0.069589 0.0202287
16 23 0.0128486 0.086023 0.0236275
16 24 0.0140251 0.0970705 0.0266559
16 25 0.0137495 0.103408 0.0305467
16 26 0.0154918 0.116699 0.0340035
16 27 0.0163899 0.127962 0.0377882
16 28 0.0171195 0.138835 0.0413993
16 29 0.0176693 0.148766 0.044607
16 30 0.0184958 0.159835 0.0480179
16 31 0.0197387 0.173331 0.0517976
16 32 0.0199336 0.182477 0.0552043
16 33 0.0205795 0.194241 0.0586355
16 34 0.0213288 0.20669 0.0625241
16 35 0.0228471 0.223281 0.0670255
16 36 0.0219029 0.227822 0.0695339
16 37 0.023445 0.245022 0.0735135
16 38 0.023865 0.25731 0.0774388
16 39 0.0234469 0.266378 0.0802201
16 40 0.0235803 0.276338 0.0833305
16 41 0.0227259 0.282907 0.0865145
16 42 0.0227805 0.295552 0.0908426
16 43 0.023099 0.306509 0.0936181
16 44 0.022901 0.317155 0.0968197
16 45 0.0225632 0.328395 0.100564
16 46 0.0221411 0.337954 0.103773
16 47 0.0222388 0.349981 0.106803
16 48 0.0215079 0.358234 0.10983
16 49 0.0213819 0.36979 0.112315
16 50 0.0201568 0.375835 0.115736
17 1 -0.0359812 -0.177093 -0.0457147
17 2 -0.0334964 -0.167083 -0.0433877
17 3 -0.0312974 -0.157102 -0.0406173
17 4 -0.028787 -0.14623 -0.0381718
17 5 -0.0254963 -0.132801 -0.035575
17 6 -0.0228263 -0.121803 -0.033188
17 7 -0.0207775 -0.111777 -0.0303228
17 8 -0.019166 -0.102978 -0.0274278
17 9 -0.0166565 -0.091181 -0.0249727
17 10 -0.014404 -0.0799691 -0.0218098
17 11 -0.0126676 -0.0700449 -0.0186621
17 12 -0.0100293 -0.0574452 -0.0156783
17 13 -0.007751 -0.0452377 -0.0124645
17 14 -0.0072395 -0.0389141 -0.009228
17 15 -0.00452631 -0.0252539 -0.00619435
17 16 -0.00357996 -0.0154585 -0.00320794
17 18 0.00415176 0.0172995 0.00318677
17 19 0.00350726 0.0233214 0.00663144
17 20 0.00601458 0.0374648 0.00982099
17 21 0.00736859 0.0487625 0.0135354
17 22 0.00906876 0.0608011 0.0166309
17 23 0.00950284 0.0692538 0.0202875
17 24 0.0103049 0.0785066 0.0237218
17 25 0.0124526 0.0936412 0.0272754
17 26 0.0134587 0.104394 0.0308215
17 27 0.0143103 0.115339 0.0345257
17 28 0.0155791 0.127847 0.0377685
17 29 0.0167119 0.14 0.0413579
17 30 0.0171409 0.150287 0.0448331
17 31 0.0179375 0.161638 0.0487011
17 32 0.0183458 0.172388 0.0521815
17 33 0.0208326 0.190404 0.0560161
17 34 0.0190878 0.19269 0.0589113
17 35 0.0200568 0.206576 0.0625314
17 36 0.020209 0.217245 0.0662898
17 37 0.0209097 0.229618 0.0696774
17 38 0.0217116 0.24379 0.0738892
17 39 0.0219129 0.254918 0.0769747
17 40 0.020978 0.261399 0.0805276
17 41 0.0222016 0.278353 0.0837543
17 42 0.0224763 0.290199 0.0867039
17 43 0.0217658 0.297977 0.0908315
17 44 0.0206262 0.3034 0.093727
17 45 0.021402 0.318477 0.0966907
17 46 0.0205991 0.327446 0.100515
17 47 0.0201862 0.337297 0.103824
17 48 0.0196556 0.34666 0.106889
17 49 0.019107 0.355917 0.110141
17 50 0.0187152 0.365774 0.113152
18 1 -0.0409364 -0.197607 -0.0489321
18 2 -0.0354033 -0.178397 -0.0463144
18 3 -0.0328959 -0.168613 -0.0443733
18 4 -0.0310461 -0.159384 -0.0416864
18 5 -0.0276457 -0.145751 -0.0389301
18 6 -0.0254723 -0.136139 -0.0363633
18 7 -0.0226879 -0.12315 -0.0334059
18 8 -0.0201524 -0.112098 -0.0306648
18 9 -0.0187331 -0.103611 -0.0279853
18 10 -0.0163911 -0.0922076 -0.025077
18 11 -0.013796 -0.0798499 -0.0221385
18 12 -0.0114654 -0.067437 -0.0187595
18 13 -0.00949368 -0.0569386 -0.0157802
18 14 -0.00804912 -0.048084 -0.013295
18 15 -0.00624754 -0.0365967 -0.009603
18 16 -0.00385748 -0.02342 -0.00648541
18 17 -0.00222641 -0.0130945 -0.00338474
18 19 0.00204352 0.0124226 0.00340032
18 20 0.00338147 0.023525 0.00657275
18 21 0.00559941 0.0374925 0.00995846
18 22 0.00640482 0.0466278 0.0138976
18 23 0.00812094 0.0591079 0.0167914
18 24 0.00908459 0.0695328 0.020369
18 25 0.0104643 0.0815224 0.0239237
18 26 0.0114651 0.092427 0.0276661
18 27 0.013064 0.105588 0.0310643
18 28 0.0132509 0.11468 0.0348203
18 29 0.0148152 0.128236 0.0383229
18 30 0.0149938 0.137316 0.0417613
18 31 0.0162717 0.150485 0.0454098
18 32 0.0169836 0.161945 0.049129
18 33 0.0174025 0.172325 0.0524155
18 34 0.0181506 0.184832 0.0560257
18 35 0.0176564 0.192416 0.0595698
18 36 0.017872 0.202858 0.0630609
18 37 0.020891 0.226232 0.0676853
18 38 0.021255 0.236539 0.0702442
18 39 0.0206707 0.246286 0.0748877
18 40 0.020246 0.255309 0.0784192
18 41 0.0200114 0.265891 0.0823738
18 42 0.0201252 0.27636 0.0846297
18 43 0.0201054 0.287074 0.0883742
18 44 0.019599 0.296466 0.0907017
18 45 0.0192871 0.306548 0.0953359
18 46 0.019071 0.31673 0.0974222
18 47 0.0186153 0.325792 0.101514
18 48 0.0182645 0.337437 0.104728
18 49 0.0178641 0.346843 0.107489
18 50 0.0168442 0.354829 0.110471
19 1 -0.0391781 -0.199365 -0.0521079
19 2 -0.0382711 -0.194753 -0.0502216
19 3 -0.0347789 -0.180433 -0.0474089
19 4 -0.0320555 -0.169019 -0.0447537
19 5 -0.0299788 -0.159253 -0.0422292
19 6 -0.0273476 -0.147201 -0.039139
19 7 -0.0252129 -0.137323 -0.0367856
19 8 -0.0224242 -0.125455 -0.0342219
19 9 -0.0202463 -0.114842 -0.0310033
19 10 -0.0176809 -0.10241 -0.0283197
19 11 -0.0154439 -0.0912807 -0.0256756
19 12 -0.0134212 -0.0798646 -0.0222156
19 13 -0.0111761 -0.068603 -0.0193511
19 14 -0.00951495 -0.0580691 -0.0161604
19 15 -0.00793367 -0.0485131 -0.0130152
19 16 -0.00523966 -0.0344284 -0.00999616
19 17 -0.00362565 -0.023254 -0.00655072
19 18 -0.00175596 -0.0117805 -0.00330568
19 20 -0.00294222 -0.01587 0.00356017
19 21 0.00376957 0.0252373 0.00662866
19 22 0.00535281 0.0367635 0.0101479
19 23 0.00688939 0.0489909 0.0136612
19 24 0.00780615 0.0596437 0.0174861
19 25 0.00875977 0.0697527 0.0206259
19 26 0.00980775 0.0807445 0.0239963
19 27 0.0109864 0.0933369 0.0279026
19 28 0.0127577 0.108742 0.0316917
19 29 0.0121241 0.113518 0.0351182
19 30 0.013605 0.126641 0.0382362
19 31 0.0150321 0.141136 0.0421972
19 32 0.016683 0.157035 0.0461267
19 33 0.0169217 0.16654 0.0489523
19 34 0.0160132 0.172137 0.0528005
19 35 0.0168918 0.184951 0.0562763
19 36 0.0171474 0.196034 0.0599769
19 37 0.0182961 0.211195 0.0638263
19 38 0.0177213 0.217845 0.066752
19 39 0.0176087 0.227679 0.0702527
19 40 0.0183231 0.241727 0.0739575
19 41 0.0184144 0.253646 0.077783
19 42 0.0180398 0.262363 0.0811323
19 43 0.0175812 0.271189 0.0840206
19 44 0.0176935 0.282114 0.0871644
19 45 0.0173119 0.292327 0.0907198
19 46 0.0173104 0.304435 0.0942169
19 47 0.0166321 0.312851 0.0970235
19 48 0.0166485 0.325482 0.100386
19 49 0.0156787 0.332598 0.103626
19 50 0.0154356 0.343384 0.107003
20 1 -0.0430528 -0.218045 -0.0549229
20 2 -0.0413 -0.208584 -0.0527391
20 3 -0.0362497 -0.191608 -0.0505116
20 4 -0.0336989 -0.180317 -0.0478826
20 5 -0.0314205 -0.170497 -0.0456777
20 6 -0.0293758 -0.160424 -0.0426587
20 7 -0.0260933 -0.146794 -0.0401579
20 8 -0.0231683 -0.133742 -0.0375106
20 9 -0.0240524 -0.13399 -0.0348201
20 10 -0.0191515 -0.113261 -0.0316677
20 11 -0.017703 -0.105149 -0.0286321
20 12 -0.0144701 -0.0898936 -0.0258561
20 13 -0.0125277 -0.0789479 -0.0228581
20 14 -0.0112973 -0.0703199 -0.0194115
20 15 -0.00951076 -0.059199 -0.0163006
20 16 -0.00697506 -0.0460388 -0.0134429
20 17 -0.0062423 -0.0385348 -0.0102128
20 18 -0.00386024 -0.0247092 -0.00655911
20 19 0.00216735 0.01386 -0.00666843
20 21 -0.000491744 -0.0145805 0.00600798
20 22 0.00307396 0.0229994 0.00690331
20 23 0.00449757 0.0348407 0.0102647
20 24 0.00602578 0.0466153 0.0139357
20 25 0.0073036 0.0593742 0.0174312
20 26 0.00818508 0.0694336 0.0208668
20 27 0.00888586 0.0797077 0.0246478
20 28 0.00954364 0.0909498 0.0284976
20 29 0.0129776 0.110979 0.0317276
20 30 0.0122074 0.116206 0.0349938
20 31 0.0129431 0.127183 0.0387262
20 32 0.0136435 0.138983 0.0422116
20 33 0.0139883 0.149403 0.0457925
20 34 0.0136677 0.156693 0.0495951
20 35 0.0151473 0.172234 0.0531257
20 36 0.0144854 0.178247 0.0565468
20 37 0.016108 0.195981 0.0603727
20 38 0.0158169 0.204879 0.0635729
20 39 0.0159124 0.215868 0.0671925
20 40 0.0169796 0.2318 0.0712003
20 41 0.016672 0.240662 0.0742946
20 42 0.0166748 0.251892 0.0778202
20 43 0.0157182 0.256022 0.0800705
20 44 0.0159719 0.270561 0.0843621
20 45 0.0159242 0.282236 0.0874843
20 46 0.0160113 0.294933 0.0912379
20 47 0.0158794 0.306084 0.0944634
20 48 0.0153599 0.315887 0.0976857
20 49 0.0144609 0.324021 0.101252
20 50 0.0139334 0.331502 0.106874
21 1 -0.0436582 -0.226251 -0.0584249
21 2 -0.0410792 -0.216154 -0.0562438
21 3 -0.0379006 -0.203752 -0.0538999
21 4 -0.0346856 -0.190648 -0.0516697
21 5 -0.0322401 -0.179834 -0.0490091
21 6 -0.0308858 -0.172267 -0.0463128
21 7 -0.0284371 -0.161446 -0.0434504
21 8 -0.0271536 -0.153632 -0.0408151
21 9 -0.0238297 -0.139008 -0.0374379
21 10 -0.0211659 -0.126785 -0.0353133
21 11 -0.0190279 -0.115351 -0.0323806
21 12 -0.0158489 -0.100799 -0.0295784
21 13 -0.0177623 -0.103188 -0.026143
21 14 -0.012167 -0.0794581 -0.023106
21 15 -0.0106668 -0.0697764 -0.0199873
21 16 -0.00883937 -0.0583915 -0.0165018
21 17 -0.00745502 -0.0490609 -0.013405
21 18 -0.00522212 -0.0358647 -0.0101668
21 19 -0.00351376 -0.0241707 -0.00688281
21 20 -0.000718777 0.016768 -0.00555434
21 22 -0.00332631 -0.0127746 0.0055729
21 23 0.0029017 0.0232333 0.00699625
21 24 0.00456487 0.0362551 0.0103534
21 25 0.00511644 0.0447194 0.0139045
21 26 0.00672426 0.0576525 0.017344
21 27 0.00762118 0.0689101 0.0210426
21 28 0.00844039 0.0811434 0.0250678
21 29 0.00956425 0.0919966 0.0279082
21 30 0.0104774 0.103836 0.0317547
21 31 0.01093 0.114247 0.0352873
21 32 0.011474 0.124799 0.0389282
21 33 0.0123563 0.137117 0.0424258
21 34 0.0124377 0.146951 0.045932
21 35 0.0133791 0.160002 0.0495744
21 36 0.0131728 0.167774 0.0533352
21 37 0.0138607 0.181071 0.0563306
21 38 0.0133661 0.188704 0.0606143
21 39 0.0146321 0.205817 0.0637536
21 40 0.0161632 0.22455 0.0675044
21 41 0.0153823 0.230878 0.0710314
21 42 0.014132 0.234287 0.0741385
21 43 0.0136387 0.242039 0.0774134
21 44 0.0152295 0.263263 0.0806561
21 45 0.0148091 0.273167 0.0846759
21 46 0.0144352 0.283122 0.0878026
21 47 0.0141814 0.293629 0.090829
21 48 0.0137723 0.302049 0.0936125
21 49 0.0129198 0.310578 0.0971425
21 50 0.0126179 0.322638 0.101752
22 1 -0.0443025 -0.235457 -0.061985
22 2 -0.0422817 -0.226519 -0.0598021
22 3 -0.0378461 -0.210525 -0.0570533
22 4 -0.0359971 -0.201559 -0.0549951
22 5 -0.03446 -0.193862 -0.0524457
22 6 -0.0329481 -0.18585 -0.0495051
22 7 -0.0284847 -0.168085 -0.0470958
22 8 -0.0265071 -0.158373 -0.0443212
22 9 -0.0245808 -0.147995 -0.0412303
22 10 -0.022858 -0.138951 -0.0382935
22 11 -0.0208479 -0.129195 -0.0355003
22 12 -0.0201754 -0.124159 -0.0325543
22 13 -0.0163488 -0.104476 -0.0289993
22 14 -0.0139098 -0.0929426 -0.0262441
22 15 -0.011813 -0.0803189 -0.0233982
22 16 -0.00964346 -0.0683741 -0.0200345
22 17 -0.00792085 -0.0568204 -0.0168548
22 18 -0.00674788 -0.0472078 -0.0133044
22 19 -0.00459497 -0.0339955 -0.0101782
22 20 -0.0030933 -0.0233857 -0.00664486
22 21 0.00280719 0.0147721 -0.00689223
22 23 -0.00740557 -0.0140516 0.00415369
22 24 0.00280684 0.023058 0.00681429
22 25 0.00398549 0.0347747 0.0105336
22 26 0.00522236 0.0462059 0.0138619
22 27 0.00620375 0.0581203 0.0177178
22 28 0.0065365 0.0682646 0.0215152
22 29 0.0104972 0.0878108 0.0236845
22 30 0.0114765 0.100645 0.0284219
22 31 0.00975901 0.104309 0.0317971
22 32 0.0123575 0.121821 0.0353261
22 33 0.0113493 0.128171 0.0392546
22 34 0.011272 0.136186 0.0425203
22 35 0.0125306 0.151984 0.0466161
22 36 0.0125493 0.161858 0.0496571
22 37 0.0127186 0.171548 0.0530528
22 38 0.0127938 0.181027 0.05656
22 39 0.0152011 0.205184 0.0609001
22 40 0.0135788 0.205807 0.0640822
22 41 0.0130156 0.21414 0.0671679
22 42 0.0144105 0.232667 0.0710099
22 43 0.0125986 0.233058 0.0737528
22 44 0.0140151 0.253975 0.077771
22 45 0.0130117 0.259822 0.0812881
22 46 0.0126767 0.269404 0.0840783
22 47 0.0125113 0.280623 0.087514
22 48 0.0119348 0.290166 0.0904968
22 49 0.0114863 0.29945 0.0940962
22 50 0.0113302 0.311343 0.0973784
23 1 -0.0448392 -0.244736 -0.0653023
23 2 -0.0421684 -0.233875 -0.0632665
23 3 -0.0409412 -0.227104 -0.0605747
23 4 -0.037631 -0.214106 -0.0581997
23 5 -0.034983 -0.202724 -0.055788
23 6 -0.0329078 -0.192812 -0.0528303
23 7 -0.0313273 -0.184716 -0.0503636
23 8 -0.0283678 -0.171254 -0.0475396
23 9 -0.0290227 -0.171222 -0.0440598
23 10 -0.0232801 -0.147472 -0.0419186
23 11 -0.0206547 -0.134952 -0.0392057
23 12 -0.0197933 -0.127597 -0.0358934
23 13 -0.0184841 -0.119317 -0.0326782
23 14 -0.0156557 -0.104335 -0.0298964
23 15 -0.013035 -0.0913526 -0.0266072
23 16 -0.0128804 -0.086945 -0.0231077
23 17 -0.00909356 -0.0672458 -0.02029
23 18 -0.00781095 -0.0579423 -0.0170931
23 19 -0.00634348 -0.0471693 -0.0135646
23 20 -0.00428041 -0.034448 -0.0102802
23 21 -0.00317497 -0.0246142 -0.00672857
23 22 0.00776606 0.0163391 -0.00391657
23 24 0.00171494 0.0133624 0.00358164
23 25 0.00260795 0.0233154 0.00697575
23 26 0.00403904 0.0355497 0.0104353
23 27 0.00477357 0.0460783 0.0142615
23 28 0.00488457 0.055381 0.0179467
23 29 0.00668193 0.0691633 0.0212176
23 30 0.00748899 0.0805087 0.0249431
23 31 0.00857908 0.0930893 0.0283575
23 32 0.00941093 0.105002 0.0321745
23 33 0.0094682 0.113757 0.0353426
23 34 0.0102779 0.126703 0.0391704
23 35 0.0107853 0.137574 0.0427425
23 36 0.0111749 0.149353 0.0466367
23 37 0.0119358 0.162975 0.0498732
23 38 0.0119271 0.17286 0.053348
23 39 0.0118624 0.182803 0.0571076
23 40 0.0116456 0.191606 0.0603198
23 41 0.0126524 0.208457 0.0638845
23 42 0.0116938 0.213343 0.0674416
23 43 0.0116371 0.224149 0.0705508
23 44 0.011667 0.236718 0.0741171
23 45 0.0114597 0.246589 0.0775524
23 46 0.0112183 0.25808 0.0809054
23 47 0.0112997 0.269822 0.0843051
23 48 0.0107179 0.279296 0.0875572
23 49 0.00996341 0.286486 0.0905195
23 50 0.00926135 0.295449 0.0935135
24 1 -0.0466118 -0.257843 -0.0686914
24 2 -0.0447949 -0.25072 -0.0664871
24 3 -0.0438029 -0.246215 -0.0646394
24 4 -0.0383339 -0.223815 -0.0615908
24 5 -0.0362571 -0.214218 -0.0592476
24 6 -0.0342146 -0.203383 -0.0560856
24 7 -0.0318889 -0.194205 -0.0540133
24 8 -0.0290752 -0.180432 -0.0512358
24 9 -0.0278183 -0.174199 -0.0484472
24 10 -0.024948 -0.16084 -0.0455377
24 11 -0.0227557 -0.148876 -0.0426472
24 12 -0.0227018 -0.145071 -0.0389085
24 13 -0.0189697 -0.127555 -0.0362437
24 14 -0.0165487 -0.115172 -0.0333496
24 15 -0.0142359 -0.102209 -0.0303205
24 16 -0.0138939 -0.0963214 -0.0272242
24 17 -0.0108414 -0.0809961 -0.0239499
24 18 -0.00922509 -0.069589 -0.020449
24 19 -0.00769705 -0.058839 -0.0171822
24 20 -0.00631369 -0.0480237 -0.0136408
24 21 -0.00428586 -0.0349308 -0.0103022
24 22 -0.00306397 -0.0241021 -0.00694776
24 23 -0.00148931 -0.0129059 -0.00359138
24 25 0.00150147 0.0129398 0.00356616
24 26 0.00255892 0.0236839 0.00701299
24 27 0.00386849 0.0356714 0.0105143
24 28 0.00419644 0.045953 0.0144601
24 29 0.00494939 0.0564055 0.0179216
24 30 0.00630795 0.0693217 0.0213499
24 31 0.00737034 0.0814295 0.0248462
24 32 0.00783564 0.0923671 0.0287571
24 33 0.00828092 0.103296 0.032088
24 34 0.00862549 0.113915 0.0357487
24 35 0.00938995 0.125622 0.0389426
24 36 0.00993476 0.137615 0.0427531
24 37 0.00945211 0.145866 0.0465603
24 38 0.0106171 0.160659 0.0501069
24 39 0.0102253 0.169668 0.0534407
24 40 0.0104619 0.180911 0.0571613
24 41 0.0111067 0.1955 0.0607999
24 42 0.0106412 0.20357 0.0640618
24 43 0.010192 0.212152 0.0673175
24 44 0.0106261 0.226399 0.0708747
24 45 0.0101789 0.235414 0.0743665
24 46 0.0099008 0.245342 0.0773543
24 47 0.00971897 0.255654 0.0805183
24 48 0.00920639 0.265239 0.083558
24 49 0.00845606 0.273834 0.0867305
24 50 0.00813018 0.284909 0.0902827
25 1 -0.0474011 -0.268176 -0.0722686
25 2 -0.0452819 -0.259371 -0.0699725
25 3 -0.0399358 -0.239475 -0.0677277
25 4 -0.0383941 -0.2316 -0.0651247
25 5 -0.0371159 -0.22406 -0.0625273
25 6 -0.0355373 -0.216016 -0.0599599
25 7 -0.0337971 -0.205587 -0.0571613
25 8 -0.0321594 -0.197861 -0.0544483
25 9 -0.0289853 -0.185188 -0.0520393
25 10 -0.0278281 -0.175242 -0.04901
25 11 -0.0241295 -0.160596 -0.0459207
25 12 -0.0220164 -0.149667 -0.0429632
25 13 -0.0198276 -0.13727 -0.039886
25 14 -0.0185546 -0.128959 -0.0368104
25 15 -0.0156976 -0.114806 -0.0336513
25 16 -0.0140452 -0.104063 -0.0306742
25 17 -0.0121015 -0.0925372 -0.0273393
25 18 -0.0104637 -0.0811489 -0.0237664
25 19 -0.00899419 -0.0710017 -0.0209922
25 20 -0.00705442 -0.0582051 -0.0173232
25 21 -0.00524073 -0.0452263 -0.0139922
25 22 -0.00420152 -0.0359839 -0.010732
25 23 -0.00265801 -0.0233484 -0.00701314
25 24 -0.00127863 -0.011932 -0.00361907
25 26 0.00126343 0.0116715 0.00351806
25 27 0.0024724 0.0237644 0.00701651
25 28 0.00345983 0.0351903 0.0105491
25 29 0.0044498 0.0472222 0.0142465
25 30 0.0048114 0.056829 0.0179466
25 31 0.00577132 0.0689636 0.0213857
25 32 0.00674536 0.0808905 0.024833
25 33 0.00676338 0.0908873 0.0290694
25 34 0.00794781 0.104664 0.0321764
25 35 0.00814638 0.114828 0.0359269
25 36 0.00851275 0.126071 0.0396511
25 37 0.00944736 0.139061 0.0428762
25 38 0.0106949 0.154353 0.0467132
25 39 0.010685 0.165221 0.0502625
25 40 0.00872624 0.166922 0.0535876
25 41 0.0101434 0.185584 0.057247
25 42 0.00947538 0.192678 0.0608074
25 43 0.00940432 0.202416 0.0634598
25 44 0.00923813 0.213397 0.0672668
25 45 0.00882164 0.22305 0.0706464
25 46 0.00844895 0.232976 0.0741229
25 47 0.00806551 0.243012 0.0777501
25 48 0.00805917 0.254366 0.0804753
25 49 0.00759429 0.264927 0.0838973
25 50 0.00723936 0.274135 0.0867054
26 1 -0.0490914 -0.281652 -0.0756762
26 2 -0.0461081 -0.270539 -0.0730642
26 3 -0.0440755 -0.260743 -0.0710435
26 4 -0.0388047 -0.241695 -0.0687009
26 5 -0.0367559 -0.230906 -0.0657913
26 6 -0.0343553 -0.22115 -0.0638417
26 7 -0.0366153 -0.22469 -0.0610421
26 8 -0.0314762 -0.204401 -0.0580755
26 9 -0.0284885 -0.190021 -0.0554375
26 10 -0.0267765 -0.181313 -0.0523509
26 11 -0.024822 -0.171114 -0.0494462
26 12 -0.0235144 -0.161991 -0.0461365
26 13 -0.0207613 -0.149135 -0.0435516
26 14 -0.0196921 -0.140371 -0.0405623
26 15 -0.0169026 -0.126441 -0.0371636
26 16 -0.0151683 -0.115771 -0.0340939
26 17 -0.0132873 -0.104244 -0.0308952
26 18 -0.0116972 -0.0936108 -0.0277705
26 19 -0.00959419 -0.0804234 -0.0244316
26 20 -0.00786366 -0.0683597 -0.0210972
26 21 -0.00623263 -0.0563028 -0.017572
26 22 -0.00529379 -0.0472177 -0.014016
26 23 -0.00381199 -0.0350449 -0.0105054
26 24 -0.00255605 -0.0238018 -0.00701464
26 25 -0.00126516 -0.011866 -0.00346813
26 27 0.00116272 0.0125298 0.0036963
26 28 0.00247892 0.0243627 0.0068209
26 29 0.0030741 0.0350808 0.010906
26 30 0.00469067 0.048245 0.0139158
26 31 0.00452302 0.0573386 0.0179522
26 32 0.00528729 0.068654 0.0214233
26 33 0.00599493 0.0805401 0.0250649
26 34 0.00636853 0.0912055 0.0288006
26 35 0.00896048 0.109224 0.0317509
26 36 0.00757718 0.114479 0.0357984
26 37 0.00794418 0.126624 0.0397004
26 38 0.0100023 0.144668 0.04268
26 39 0.0103246 0.156277 0.0460409
26 40 0.0080911 0.157621 0.0500892
26 41 0.00970247 0.176393 0.0537752
26 42 0.00840995 0.180706 0.0569069
26 43 0.00819948 0.190383 0.0601347
26 44 0.0089032 0.204881 0.0638083
26 45 0.00882337 0.216396 0.0668366
26 46 0.00783129 0.222981 0.0700908
26 47 0.00730603 0.232492 0.0736215
26 48 0.00678882 0.242557 0.0773716
26 49 0.00682148 0.254203 0.0801611
26 50 0.00599894 0.262413 0.0835119
27 1 -0.050431 -0.294096 -0.0788809
27 2 -0.0478479 -0.284301 -0.0770196
27 3 -0.0456638 -0.27482 -0.0749906
27 4 -0.0443672 -0.267762 -0.0721394
27 5 -0.0416807 -0.255715 -0.0693356
27 6 -0.0348827 -0.230254 -0.0668716
27 7 -0.0343058 -0.225154 -0.0642752
27 8 -0.0333967 -0.218876 -0.0616475
27 9 -0.0291538 -0.200968 -0.0584597
27 10 -0.0265782 -0.189048 -0.056015
27 11 -0.0260445 -0.183174 -0.0528931
27 12 -0.0229169 -0.168513 -0.0503362
27 13 -0.0209948 -0.157855 -0.0469966
27 14 -0.0226297 -0.157085 -0.0437178
27 15 -0.0181558 -0.138876 -0.0408485
27 16 -0.0159411 -0.126674 -0.0379355
27 17 -0.0141906 -0.114996 -0.0344032
27 18 -0.0121622 -0.102317 -0.0308091
27 19 -0.0108857 -0.0926567 -0.0277394
27 20 -0.00900911 -0.0803337 -0.0244662
27 21 -0.00751986 -0.068902 -0.0209175
27 22 -0.00616915 -0.0576662 -0.0177604
27 23 -0.00488544 -0.0463675 -0.0140603
27 24 -0.00386061 -0.0362274 -0.0105709
27 25 -0.00258811 -0.02399 -0.00693409
27 26 -0.00126044 -0.0123473 -0.00369317
27 28 0.00129631 0.0123201 0.00332506
27 29 0.00256624 0.0250427 0.00709464
27 30 0.00395797 0.0384773 0.0105032
27 31 0.00355904 0.0460135 0.0145973
27 32 0.00443751 0.0583787 0.0181598
27 33 0.0048892 0.0684574 0.0216143
27 34 0.00558763 0.0805003 0.0250215
27 35 0.00574894 0.090773 0.0287643
27 36 0.00656164 0.103347 0.0320999
27 37 0.00736007 0.116267 0.0355495
27 38 0.00613638 0.122649 0.0399148
27 39 0.0070301 0.136005 0.0431952
27 40 0.00890232 0.15459 0.0464446
27 41 0.00862126 0.164523 0.0499118
27 42 0.00778854 0.173162 0.0545701
27 43 0.00791687 0.184794 0.0571658
27 44 0.00808239 0.195472 0.0602392
27 45 0.00700095 0.201348 0.0635513
27 46 0.0080993 0.219551 0.0676022
27 47 0.0071987 0.22603 0.0703928
27 48 0.00569905 0.231043 0.0736763
27 49 0.00527114 0.240569 0.0769025
27 50 0.00534096 0.254992 0.0805324
28 1 -0.0518097 -0.307178 -0.082163
28 2 -0.0487637 -0.294958 -0.0799978
28 3 -0.0449692 -0.280871 -0.078028
28 4 -0.043015 -0.271192 -0.0755376
28 5 -0.0409123 -0.261793 -0.0729581
28 6 -0.0364375 -0.243086 -0.0698096
28 7 -0.0350644 -0.236047 -0.0678684
28 8 -0.0344512 -0.23178 -0.0659595
28 9 -0.0297341 -0.210865 -0.0622466
28 10 -0.0300508 -0.208221 -0.058875
28 11 -0.0255213 -0.189922 -0.0565149
28 12 -0.0243812 -0.181608 -0.0533506
28 13 -0.0222298 -0.170009 -0.0505615
28 14 -0.0210173 -0.161149 -0.047458
28 15 -0.0186526 -0.148754 -0.044437
28 16 -0.016821 -0.137843 -0.0411324
28 17 -0.0149035 -0.125568 -0.0378445
28 18 -0.012851 -0.113237 -0.0348468
28 19 -0.0133159 -0.108655 -0.0314916
28 20 -0.00950478 -0.0903071 -0.0285867
28 21 -0.00788476 -0.0793082 -0.0252303
28 22 -0.00656076 -0.0685051 -0.021313
28 23 -0.00529328 -0.0562409 -0.0177826
28 24 -0.00390595 -0.0446251 -0.0145108
28 25 -0.0033902 -0.0348491 -0.0105827
28 26 -0.00234897 -0.0240477 -0.00724876
28 27 -0.00134374 -0.0128068 -0.00338794
28 29 0.00129967 0.0129291 0.00326576
28 30 0.00305334 0.0275893 0.00688688
28 31 0.00282407 0.0357869 0.0109538
28 32 0.00344461 0.0465137 0.0145098
28 33 0.00385951 0.0572154 0.0180953
28 34 0.00422739 0.0679361 0.0216926
28 35 0.00509835 0.0805902 0.0253365
28 36 0.00487676 0.089332 0.0287955
28 37 0.00567101 0.102811 0.032212
28 38 0.00579999 0.113211 0.036042
28 39 0.0059784 0.124096 0.0396723
28 40 0.00598081 0.134506 0.0430627
28 41 0.00771737 0.152934 0.0461228
28 42 0.00600758 0.156071 0.0497438
28 43 0.006196 0.168184 0.0532962
28 44 0.00619126 0.179827 0.0568446
28 45 0.00553258 0.187601 0.060401
28 46 0.00543327 0.198767 0.0634049
28 47 0.00481919 0.206875 0.0667109
28 48 0.00453974 0.217369 0.0700942
28 49 0.00445904 0.230632 0.0735642
28 50 0.00379869 0.23821 0.0759799
29 1 -0.0515503 -0.315087 -0.0854953
29 2 -0.0488772 -0.304039 -0.0827599
29 3 -0.0474521 -0.29793 -0.0814327
29 4 -0.0435422 -0.281904 -0.0793871
29 5 -0.0410298 -0.270193 -0.0764377
29 6 -0.0385272 -0.259198 -0.0739521
29 7 -0.0344863 -0.241698 -0.0716703
29 8 -0.0336057 -0.236161 -0.0685644
29 9 -0.0312368 -0.224885 -0.065885
29 10 -0.0297028 -0.215884 -0.0630153
29 11 -0.0293085 -0.210628 -0.0596587
29 12 -0.0272917 -0.200139 -0.0571295
29 13 -0.0238951 -0.183909 -0.0540793
29 14 -0.0216759 -0.172041 -0.0509419
29 15 -0.0197389 -0.160729 -0.0479379
29 16 -0.0179777 -0.14947 -0.0446358
29 17 -0.0160013 -0.137864 -0.041582
29 18 -0.0148194 -0.128475 -0.0380032
29 19 -0.0124417 -0.114524 -0.0349189
29 20 -0.0128904 -0.111467 -0.0312567
29 21 -0.00967324 -0.0926149 -0.0282197
29 22 -0.00977686 -0.0878614 -0.0242637
29 23 -0.00662153 -0.0690823 -0.0213374
29 24 -0.00570779 -0.058336 -0.017704
29 25 -0.00391654 -0.0454497 -0.0143906
29 26 -0.00296143 -0.0341768 -0.0107224
29 27 -0.00246022 -0.025222 -0.00731361
29 28 -0.00108032 -0.0126117 -0.00368782
29 30 0.00138062 0.0135498 0.00360341
29 31 0.00231663 0.0248564 0.00700552
29 32 0.00272153 0.0369186 0.010901
29 33 0.00375243 0.049081 0.0144485
29 34 0.00365553 0.058037 0.0183709
29 35 0.00395637 0.0684452 0.021691
29 36 0.00403214 0.0778862 0.0252841
29 37 0.00467981 0.0906802 0.02871
29 38 0.00503086 0.102226 0.0321887
29 39 0.00608194 0.117543 0.0361052
29 40 0.00553451 0.125089 0.0394771
29 41 0.00657985 0.141603 0.0430308
29 42 0.00574546 0.147785 0.0464041
29 43 0.00538321 0.157486 0.0501214
29 44 0.00603099 0.172074 0.0532744
29 45 0.00603974 0.183951 0.0563248
29 46 0.00500818 0.189642 0.0599835
29 47 0.00477187 0.200725 0.0634565
29 48 0.00388111 0.207687 0.0665678
29 49 0.00458183 0.228073 0.0704356
29 50 0.00386939 0.232882 0.07336
30 1 -0.0521545 -0.326226 -0.0892036
30 2 -0.0500945 -0.316708 -0.086318
30 3 -0.0478029 -0.307202 -0.0842456
30 4 -0.0453081 -0.296687 -0.081894
30 5 -0.0417235 -0.282227 -0.0803395
30 6 -0.0409994 -0.27702 -0.0778973
30 7 -0.0391453 -0.267069 -0.0743622
30 8 -0.0366767 -0.255952 -0.0720352
30 9 -0.0316244 -0.234112 -0.069023
30 10 -0.0327039 -0.23584 -0.0673368
30 11 -0.0274533 -0.212675 -0.0634015
30 12 -0.0252451 -0.201159 -0.0603534
30 13 -0.0243084 -0.192972 -0.057382
30 14 -0.0227964 -0.184372 -0.0544524
30 15 -0.0194967 -0.168306 -0.0514299
30 16 -0.018763 -0.161176 -0.0482998
30 17 -0.0166356 -0.147962 -0.0447409
30 18 -0.0150093 -0.137256 -0.0421504
30 19 -0.0140233 -0.12809 -0.0384023
30 20 -0.0114015 -0.112634 -0.0351738
30 21 -0.0107037 -0.104401 -0.0315218
30 22 -0.00894954 -0.0920701 -0.0285026
30 23 -0.00775875 -0.0812986 -0.0249888
30 24 -0.00647583 -0.0696112 -0.0213441
30 25 -0.00485513 -0.0567035 -0.0177896
30 26 -0.00445827 -0.0484419 -0.0142683
30 27 -0.00413304 -0.0388425 -0.0103752
30 28 -0.00233541 -0.0256457 -0.00740983
30 29 -0.00122681 -0.0132315 -0.00377802
30 31 0.000992994 0.0128891 0.00371112
30 32 0.00162441 0.0239579 0.00751111
30 33 0.00243344 0.0353475 0.0106252
30 34 0.00319915 0.0476339 0.0142182
30 35 0.00326375 0.0577904 0.0182672
30 36 0.00357801 0.0687327 0.0215693
30 37 0.00398434 0.0801312 0.0253194
30 38 0.00415234 0.0909661 0.0288394
30 39 0.00423837 0.101343 0.0323583
30 40 0.00454684 0.113106 0.0359641
30 41 0.00444863 0.123224 0.0393247
30 42 0.00436303 0.133539 0.0427149
30 43 0.00469775 0.147037 0.0462895
30 44 0.00423513 0.155594 0.0496654
30 45 0.00408044 0.166717 0.0533418
30 46 0.00394212 0.177322 0.0563848
30 47 0.00343322 0.186632 0.0599295
30 48 0.00298524 0.196378 0.0628499
30 49 0.00262472 0.206732 0.066518
30 50 0.00217879 0.215782 0.0695826
31 1 -0.0534368 -0.339105 -0.0922436
31 2 -0.0517672 -0.33268 -0.0905729
31 3 -0.0492656 -0.321985 -0.0884911
31 4 -0.0461149 -0.308895 -0.0860017
31 5 -0.0434313 -0.296717 -0.0836497
31 6 -0.0412858 -0.28701 -0.0809959
31 7 -0.0401279 -0.279333 -0.0783036
31 8 -0.0387497 -0.273941 -0.0767734
31 9 -0.0343768 -0.253645 -0.0729635
31 10 -0.0328825 -0.246359 -0.0708621
31 11 -0.0317836 -0.23769 -0.0670803
31 12 -0.0289484 -0.225085 -0.0650125
31 13 -0.0262378 -0.209019 -0.0608698
31 14 -0.0252963 -0.201934 -0.0585066
31 15 -0.023945 -0.193436 -0.054967
31 16 -0.0189302 -0.170442 -0.0519574
31 17 -0.0173903 -0.159973 -0.0485297
31 18 -0.0161738 -0.150133 -0.0454638
31 19 -0.0153589 -0.141275 -0.0418027
31 20 -0.0133818 -0.129149 -0.0388175
31 21 -0.0115006 -0.116315 -0.0354249
31 22 -0.00989155 -0.104399 -0.0318484
31 23 -0.00841702 -0.0924124 -0.0286082
31 24 -0.00720401 -0.0812279 -0.0248535
31 25 -0.00594405 -0.0693607 -0.0215907
31 26 -0.00449531 -0.0570602 -0.0180681
31 27 -0.00349492 -0.0458011 -0.0142126
31 28 -0.00316209 -0.0368658 -0.0107269
31 29 -0.00202896 -0.0242717 -0.00707899
31 30 -0.00108121 -0.0127441 -0.0036533
31 32 0.000987275 0.0131299 0.00364851
31 33 0.00130992 0.0235699 0.00750583
31 34 0.00231674 0.0355856 0.0105216
31 35 0.00239316 0.0455231 0.0142834
31 36 0.00282954 0.0570602 0.0179689
31 37 0.00323096 0.0683992 0.0216613
31 38 0.00326197 0.0786018 0.025256
31 39 0.00361056 0.0901728 0.028558
31 40 0.0034182 0.0997046 0.0322966
31 41 0.00369034 0.112076 0.0357811
31 42 0.00453089 0.127792 0.0393405
31 43 0.00333289 0.132082 0.0426056
31 44 0.00355392 0.144644 0.0462309
31 45 0.00343213 0.15606 0.049883
31 46 0.00274178 0.163154 0.0525434
31 47 0.0025071 0.174498 0.0563186
31 48 0.00201215 0.183432 0.0591774
31 49 0.00161513 0.193698 0.0628313
31 50 0.00169264 0.206209 0.0659458
32 1 -0.053507 -0.349397 -0.0960025
32 2 -0.0511769 -0.338882 -0.0931936
32 3 -0.048741 -0.3294 -0.0912128
32 4 -0.0465204 -0.318701 -0.0896005
32 5 -0.0441902 -0.308624 -0.0870702
32 6 -0.0418307 -0.297967 -0.0844338
32 7 -0.0398412 -0.28868 -0.0818093
32 8 -0.0376588 -0.276903 -0.0791184
32 9 -0.0337321 -0.25961 -0.0762868
32 10 -0.0340697 -0.257212 -0.0735186
32 11 -0.0321867 -0.248799 -0.070596
32 12 -0.0299062 -0.237189 -0.067864
32 13 -0.0275234 -0.223308 -0.0648457
32 14 -0.0238009 -0.205408 -0.06168
32 15 -0.0221937 -0.195856 -0.0586847
32 16 -0.0199979 -0.18296 -0.0549531
32 17 -0.0179799 -0.170752 -0.0523232
32 18 -0.0167388 -0.161233 -0.0487005
32 19 -0.0164853 -0.155384 -0.0455632
32 20 -0.0133124 -0.137301 -0.0420359
32 21 -0.0116002 -0.123871 -0.0386077
32 22 -0.0118874 -0.122696 -0.0353134
32 23 -0.00931434 -0.10497 -0.0321983
32 24 -0.00805161 -0.0935478 -0.0286577
32 25 -0.00659091 -0.0808544 -0.0248932
32 26 -0.00556437 -0.0695973 -0.0213681
32 27 -0.00443086 -0.0579151 -0.0179225
32 28 -0.00339785 -0.046316 -0.0143987
32 29 -0.00302323 -0.0370318 -0.0106752
32 30 -0.0017768 -0.0246332 -0.00729937
32 31 -0.000881986 -0.0129681 -0.00350034
32 33 0.00128067 0.0135389 0.00335866
32 34 0.00127513 0.0229541 0.00706151
32 35 0.0021544 0.037556 0.0110782
32 36 0.0020354 0.0450557 0.0142801
32 37 0.00266591 0.0586597 0.0183227
32 38 0.00277303 0.0685271 0.0215423
32 39 0.00311626 0.0802894 0.0251733
32 40 0.00301341 0.0898009 0.0287196
32 41 0.00325701 0.101361 0.0317742
32 42 0.0029118 0.111102 0.0356038
32 43 0.00336951 0.126025 0.0389889
32 44 0.00270227 0.132102 0.0426497
32 45 0.00301752 0.145217 0.0458916
32 46 0.00226483 0.153519 0.0495287
32 47 0.00203471 0.164739 0.0527248
32 48 0.00177868 0.174426 0.0559191
32 49 0.00133237 0.184816 0.0593693
32 50 0.000746431 0.193295 0.0625674
33 1 -0.0544127 -0.361945 -0.0996116
33 2 -0.0523864 -0.353886 -0.0976898
33 3 -0.0492623 -0.340365 -0.0948041
33 4 -0.0482033 -0.334718 -0.0927302
33 5 -0.044699 -0.320587 -0.0903607
33 6 -0.0432459 -0.312941 -0.0882208
33 7 -0.0402758 -0.299246 -0.0858529
33 8 -0.0382209 -0.288934 -0.0828354
33 9 -0.0342014 -0.270635 -0.079525
33 10 -0.0339263 -0.267186 -0.0767785
33 11 -0.0318605 -0.256616 -0.0742535
33 12 -0.0301729 -0.246674 -0.071686
33 13 -0.0253852 -0.224215 -0.0681063
33 14 -0.0258339 -0.223521 -0.0659944
33 15 -0.0220438 -0.203896 -0.0619798
33 16 -0.0206865 -0.194958 -0.058783
33 17 -0.0209723 -0.1912 -0.0558236
33 18 -0.0175506 -0.172507 -0.0521468
33 19 -0.0171169 -0.166407 -0.048973
33 20 -0.0141356 -0.149863 -0.0457895
33 21 -0.0118856 -0.135464 -0.0423374
33 22 -0.0114708 -0.128081 -0.0390816
33 23 -0.00925018 -0.113041 -0.0354659
33 24 -0.00843419 -0.10357 -0.0321399
33 25 -0.00634336 -0.0886719 -0.0286381
33 26 -0.00563302 -0.0795078 -0.0254227
33 27 -0.00486624 -0.0687287 -0.0217016
33 28 -0.00390492 -0.0573642 -0.0179721
33 29 -0.00358012 -0.048929 -0.0147056
33 30 -0.00246399 -0.0355819 -0.0106667
33 31 -0.00130148 -0.0236354 -0.00733099
33 32 -0.00117046 -0.0139666 -0.00346668
33 34 0.000909492 0.0124066 0.00342642
33 35 0.00109319 0.0229216 0.00734066
33 36 0.00136898 0.0338765 0.0109147
33 37 0.00173498 0.0448434 0.0143543
33 38 0.00188806 0.0555548 0.0179382
33 39 0.00216355 0.0672709 0.0216567
33 40 0.00234953 0.078334 0.0250523
33 41 0.00282919 0.0913324 0.0285349
33 42 0.00246302 0.100393 0.0321578
33 43 0.0020616 0.109558 0.0355875
33 44 0.00207131 0.12084 0.0390951
33 45 0.00181504 0.131189 0.0425137
33 46 0.00167675 0.141951 0.0457666
33 47 0.00102451 0.150333 0.0492649
33 48 0.000804944 0.161426 0.0523956
33 49 0.000428851 0.171227 0.0557808
33 50 0.000379525 0.18369 0.0588262
34 1 -0.0581397 -0.386881 -0.103485
34 2 -0.0523627 -0.362888 -0.100709
34 3 -0.0518863 -0.359564 -0.0983561
34 4 -0.0469928 -0.339262 -0.0956856
34 5 -0.0453847 -0.332176 -0.0941972
34 6 -0.0428918 -0.320998 -0.0913867
34 7 -0.0402091 -0.30826 -0.0886389
34 8 -0.0382246 -0.298694 -0.086176
34 9 -0.0345492 -0.28137 -0.0835445
34 10 -0.034336 -0.278189 -0.0809717
34 11 -0.0322108 -0.268055 -0.0777428
34 12 -0.0301495 -0.25693 -0.0748249
34 13 -0.028041 -0.24441 -0.0719993
34 14 -0.0259739 -0.233817 -0.0701741
34 15 -0.0247517 -0.225582 -0.0662656
34 16 -0.0209401 -0.20519 -0.0625758
34 17 -0.0192051 -0.193486 -0.0591535
34 18 -0.0179292 -0.184292 -0.0560912
34 19 -0.0160585 -0.17166 -0.0525405
34 20 -0.0136696 -0.157141 -0.0496172
34 21 -0.0131408 -0.149746 -0.0460189
34 22 -0.0114301 -0.136928 -0.0424978
34 23 -0.0099326 -0.125173 -0.0390839
34 24 -0.0089695 -0.115162 -0.0359049
34 25 -0.00747935 -0.102548 -0.0323725
34 26 -0.00633584 -0.0917025 -0.028818
34 27 -0.00574171 -0.0812687 -0.0250979
34 28 -0.00434786 -0.0682221 -0.0214285
34 29 -0.00396309 -0.0583688 -0.0176725
34 30 -0.00291663 -0.0468318 -0.0143496
34 31 -0.00201078 -0.0350243 -0.0106848
34 32 -0.00117214 -0.0229842 -0.00720378
34 33 -0.000739534 -0.0125118 -0.00358724
34 35 0.000520824 0.0114794 0.00355976
34 36 0.000860087 0.0224147 0.00726275
34 37 0.0012774 0.034171 0.01078
34 38 0.00140439 0.0447883 0.0146073
34 39 0.00172734 0.0566476 0.0180468
34 40 0.00169782 0.0662852 0.0214098
34 41 0.00185289 0.0780695 0.0252219
34 42 0.00172529 0.0880835 0.0285695
34 43 0.00142651 0.0974803 0.031873
34 44 0.00143088 0.108793 0.0355132
34 45 0.00214886 0.124752 0.0387546
34 46 0.000964501 0.129498 0.0423303
34 47 0.00182358 0.148016 0.045601
34 48 0.000538202 0.151115 0.0487129
34 49 0.000752777 0.167186 0.0523987
34 50 0.000502389 0.176434 0.0548435
35 1 -0.0575727 -0.393862 -0.106924
35 2 -0.0539108 -0.379852 -0.104418
35 3 -0.0517336 -0.370046 -0.10187
35 4 -0.0481575 -0.354226 -0.0994573
35 5 -0.0452259 -0.341464 -0.0976641
35 6 -0.0432643 -0.331397 -0.0946776
35 7 -0.0414334 -0.322948 -0.0922679
35 8 -0.0386256 -0.309836 -0.0893058
35 9 -0.0347214 -0.291845 -0.0872495
35 10 -0.0348414 -0.290084 -0.084232
35 11 -0.0323183 -0.278501 -0.08096
35 12 -0.0304855 -0.267448 -0.0788657
35 13 -0.0280559 -0.254689 -0.0755166
35 14 -0.0262355 -0.244387 -0.0728048
35 15 -0.0247469 -0.234094 -0.0691136
35 16 -0.0230104 -0.223773 -0.0670353
35 17 -0.0203315 -0.207417 -0.0626579
35 18 -0.0198038 -0.203617 -0.0609344
35 19 -0.0165633 -0.183464 -0.0561648
35 20 -0.0153603 -0.173734 -0.0529704
35 21 -0.0134048 -0.160061 -0.0495793
35 22 -0.0124544 -0.151431 -0.0461885
35 23 -0.0103195 -0.136008 -0.0428125
35 24 -0.00959855 -0.126343 -0.039338
35 25 -0.00800938 -0.114043 -0.0356782
35 26 -0.00800353 -0.10835 -0.0321575
35 27 -0.00571556 -0.0908399 -0.0289922
35 28 -0.00512007 -0.080704 -0.0249677
35 29 -0.00394211 -0.0681286 -0.0216644
35 30 -0.00353814 -0.058124 -0.0178677
35 31 -0.0023972 -0.045805 -0.0144959
35 32 -0.00163461 -0.034097 -0.01085
35 33 -0.00111309 -0.0233128 -0.00718398
35 34 -0.000544939 -0.0115743 -0.00366613
35 36 0.000631497 0.0129158 0.00367841
35 37 0.000952811 0.0233734 0.00720823
35 38 0.00111349 0.0341541 0.0108262
35 39 0.00122181 0.044603 0.0141787
35 40 0.0013053 0.0554965 0.0177216
35 41 0.00153377 0.0669181 0.0211786
35 42 0.00133751 0.0769664 0.0248617
35 43 0.00107401 0.0869967 0.0282909
35 44 0.00113672 0.0986208 0.0316592
35 45 0.00129802 0.11193 0.0352194
35 46 0.000699414 0.119012 0.0384134
35 47 0.000205594 0.127985 0.0419245
35 48 -0.000155116 0.138891 0.0451236
35 49 0.000108778 0.151713 0.0482341
35 50 -0.00105482 0.156882 0.0514317
36 1 -0.0547448 -0.392391 -0.109695
36 2 -0.0524303 -0.382649 -0.107597
36 3 -0.0485803 -0.366078 -0.104983
36 4 -0.0489386 -0.366439 -0.102796
36 5 -0.0464983 -0.356264 -0.100977
36 6 -0.0425217 -0.339106 -0.0983134
36 7 -0.0408245 -0.330444 -0.0961799
36 8 -0.0386956 -0.319408 -0.0929943
36 9 -0.034521 -0.301187 -0.0902697
36 10 -0.0344422 -0.298499 -0.0876642
36 11 -0.0325113 -0.287659 -0.0850228
36 12 -0.0308835 -0.27819 -0.0818182
36 13 -0.0285429 -0.265942 -0.0787406
36 14 -0.0268176 -0.255002 -0.0757203
36 15 -0.0248934 -0.244364 -0.0728303
36 16 -0.0218918 -0.228426 -0.0699865
36 17 -0.0201834 -0.217192 -0.0663827
36 18 -0.0184294 -0.204844 -0.0628799
36 19 -0.0191647 -0.20421 -0.0602466
36 20 -0.0141097 -0.177002 -0.0561904
36 21 -0.0137042 -0.170845 -0.0529852
36 22 -0.0126309 -0.161152 -0.0497797
36 23 -0.0114564 -0.151084 -0.0462865
36 24 -0.00966721 -0.137134 -0.0429395
36 25 -0.00887209 -0.126688 -0.0393178
36 26 -0.00721214 -0.113829 -0.0361685
36 27 -0.00615287 -0.101861 -0.0323568
36 28 -0.00513362 -0.0904395 -0.0286559
36 29 -0.00433115 -0.0792789 -0.0250551
36 30 -0.00370978 -0.0687736 -0.0214374
36 31 -0.00280714 -0.0566658 -0.0178401
36 32 -0.00262715 -0.04862 -0.0142942
36 33 -0.00128086 -0.0331039 -0.0107652
36 34 -0.000841077 -0.0223283 -0.00707071
36 35 -0.000875292 -0.0133982 -0.0036219
36 37 0.00080971 0.0146871 0.00384003
36 38 0.000946779 0.0244381 0.00717975
36 39 0.000906249 0.0346982 0.0105785
36 40 0.000963324 0.0452428 0.0141511
36 41 0.00127406 0.0570174 0.0178131
36 42 0.000839437 0.0658764 0.021261
36 43 0.000791215 0.0763056 0.024736
36 44 0.000882646 0.088738 0.0281613
36 45 0.000602312 0.0986097 0.0317957
36 46 0.000197516 0.108292 0.0352035
36 47 -0.000135127 0.117561 0.0381184
36 48 -0.000447569 0.127801 0.0415464
36 49 -0.00104098 0.137119 0.0448197
36 50 -0.00127689 0.147587 0.0478956
37 1 -0.0565938 -0.410469 -0.113052
37 2 -0.0526234 -0.39375 -0.110923
37 3 -0.0516306 -0.388904 -0.108914
37 4 -0.0483388 -0.374717 -0.1066
37 5 -0.0467503 -0.367394 -0.104442
37 6 -0.0427354 -0.349519 -0.101901
37 7 -0.0405017 -0.339039 -0.0995522
37 8 -0.0382297 -0.327512 -0.0963563
37 9 -0.0346039 -0.30945 -0.092702
37 10 -0.0346901 -0.309179 -0.0909692
37 11 -0.0322595 -0.297224 -0.0882326
37 12 -0.0309166 -0.289503 -0.0858728
37 13 -0.028499 -0.275976 -0.0822293
37 14 -0.0271507 -0.266011 -0.0793815
37 15 -0.0249627 -0.254821 -0.0767591
37 16 -0.0235414 -0.245501 -0.0738478
37 17 -0.0207159 -0.228739 -0.0696975
37 18 -0.02012 -0.224067 -0.0681765
37 19 -0.0183355 -0.210821 -0.0634139
37 20 -0.016355 -0.197663 -0.0601435
37 21 -0.0141424 -0.183059 -0.0568495
37 22 -0.0127753 -0.17165 -0.0531479
37 23 -0.0112978 -0.159647 -0.0498604
37 24 -0.0100443 -0.148583 -0.0464567
37 25 -0.0089201 -0.1374 -0.0430691
37 26 -0.00787588 -0.126634 -0.0397475
37 27 -0.00711454 -0.116138 -0.0364906
37 28 -0.00562661 -0.102586 -0.0324309
37 29 -0.00466605 -0.0906531 -0.0288712
37 30 -0.00394915 -0.0794141 -0.0249789
37 31 -0.00339812 -0.0689949 -0.0215164
37 32 -0.00277555 -0.0587744 -0.0181151
37 33 -0.00159139 -0.0444436 -0.0144921
37 34 -0.00131291 -0.0342214 -0.0107061
37 35 -0.00108199 -0.0241052 -0.00716826
37 36 -0.00078821 -0.0154178 -0.00359891
37 38 0.00026993 0.0117788 0.00357714
37 39 0.000613627 0.0236784 0.00705164
37 40 0.000510633 0.0332647 0.0109477
37 41 0.000728047 0.044617 0.0141759
37 42 0.000799502 0.0558577 0.0177386
37 43 0.000471417 0.0649857 0.0212553
37 44 0.000429728 0.0763096 0.0247799
37 45 0.000184911 0.0862125 0.0279837
37 46 -9.70223e-05 0.0965645 0.031437
37 47 -0.000385213 0.107246 0.0348391
37 48 -0.00066584 0.117612 0.0381365
37 49 -0.00113848 0.126277 0.0413769
37 50 -0.00156755 0.137089 0.0444604
38 1 -0.0561991 -0.419491 -0.116439
38 2 -0.0524069 -0.404191 -0.114522
38 3 -0.0520104 -0.401865 -0.111915
38 4 -0.047332 -0.379948 -0.108649
38 5 -0.0449796 -0.370157 -0.107064
38 6 -0.043507 -0.363173 -0.10466
38 7 -0.0404657 -0.348781 -0.102507
38 8 -0.0390705 -0.341418 -0.0997702
38 9 -0.0355892 -0.325332 -0.0968888
38 10 -0.0348221 -0.320208 -0.0949384
38 11 -0.0318072 -0.305478 -0.091332
38 12 -0.0298659 -0.29348 -0.0889809
38 13 -0.0289508 -0.288048 -0.0859646
38 14 -0.0268444 -0.275878 -0.0827396
38 15 -0.0250834 -0.265922 -0.0801384
38 16 -0.0237625 -0.25742 -0.0771025
38 17 -0.021468 -0.243848 -0.0740459
38 18 -0.0207969 -0.236389 -0.071093
38 19 -0.0176126 -0.217371 -0.0667809
38 20 -0.0161037 -0.206181 -0.0636687
38 21 -0.013518 -0.189996 -0.0604363
38 22 -0.0129785 -0.182129 -0.056767
38 23 -0.0115763 -0.171215 -0.0534972
38 24 -0.0106713 -0.16068 -0.0502094
38 25 -0.0088336 -0.147182 -0.0465335
38 26 -0.0097875 -0.144485 -0.042876
38 27 -0.00633783 -0.122715 -0.0397956
38 28 -0.00576149 -0.112774 -0.0359847
38 29 -0.00481824 -0.10107 -0.0323089
38 30 -0.0042144 -0.0910203 -0.0288095
38 31 -0.00323221 -0.0785159 -0.0250444
38 32 -0.00264132 -0.067577 -0.021657
38 33 -0.00191064 -0.0554485 -0.0178425
38 34 -0.00144873 -0.0451106 -0.0145194
38 35 -0.000963897 -0.0341545 -0.01092
38 36 -0.0010391 -0.0244636 -0.00703301
38 37 -0.000281333 -0.0115054 -0.00352164
38 39 0.000305153 0.0128378 0.00360213
38 40 0.000569256 0.0240487 0.0071784
38 41 0.000740243 0.0353145 0.0109262
38 42 0.000445592 0.0443921 0.0140035
38 43 0.000375401 0.0542155 0.017494
38 44 0.0002541 0.0658874 0.0211378
38 45 -0.000173959 0.074469 0.0245059
38 46 -0.000485666 0.0848013 0.0279866
38 47 -0.000808721 0.0941052 0.0312195
38 48 -0.000994478 0.105246 0.0345235
38 49 -0.00136304 0.116095 0.0376554
38 50 -0.00178978 0.125996 0.0407963
39 1 -0.0549507 -0.425383 -0.119765
39 2 -0.0541005 -0.420538 -0.117216
39 3 -0.0504598 -0.405383 -0.11544
39 4 -0.0493854 -0.400491 -0.11318
39 5 -0.0460548 -0.386014 -0.111205
39 6 -0.0434961 -0.374271 -0.1087
39 7 -0.0410957 -0.3629 -0.106277
39 8 -0.0394271 -0.35384 -0.102957
39 9 -0.036006 -0.338161 -0.100359
39 10 -0.0355442 -0.333842 -0.097399
39 11 -0.0332685 -0.320919 -0.0946194
39 12 -0.0310147 -0.310382 -0.0921732
39 13 -0.0291881 -0.299285 -0.0893043
39 14 -0.0264161 -0.28481 -0.0863837
39 15 -0.0251978 -0.276415 -0.0831764
39 16 -0.0234833 -0.265775 -0.0801981
39 17 -0.0219976 -0.255144 -0.076998
39 18 -0.0208128 -0.247001 -0.074117
39 19 -0.0177377 -0.228708 -0.0704882
39 20 -0.0155658 -0.213929 -0.0671143
39 21 -0.0147672 -0.206146 -0.0637013
39 22 -0.0153368 -0.204004 -0.0607671
39 23 -0.0119812 -0.182849 -0.0570729
39 24 -0.0105453 -0.170753 -0.0533845
39 25 -0.0107706 -0.166739 -0.0501725
39 26 -0.0101614 -0.155593 -0.0470366
39 27 -0.00667774 -0.134724 -0.043154
39 28 -0.00630389 -0.125551 -0.0396938
39 29 -0.00595384 -0.117457 -0.0359046
39 30 -0.0041765 -0.100916 -0.0324632
39 31 -0.00366504 -0.0903244 -0.0285015
39 32 -0.00277 -0.0784545 -0.0251755
39 33 -0.00192275 -0.066232 -0.0216253
39 34 -0.00175669 -0.0566456 -0.0179401
39 35 -0.00144543 -0.0455285 -0.0141223
39 36 -0.00082814 -0.0338791 -0.0108777
39 37 -0.000469514 -0.0228416 -0.00725263
39 38 -0.000587577 -0.0127668 -0.00346084
39 40 0.000257923 0.0125324 0.00383432
39 41 0.000369323 0.0228143 0.00692942
39 42 0.000240231 0.0331502 0.0105886
39 43 -4.4171e-05 0.0430031 0.0141797
39 44 -4.06085e-05 0.0540521 0.0172875
39 45 -7.35945e-06 0.0649874 0.0207903
39 46 -0.00065347 0.0737227 0.024225
39 47 -0.000885148 0.0838991 0.0276597
39 48 -0.00110434 0.0948496 0.0308172
39 49 -0.0012972 0.106494 0.0340912
39 50 -0.00185639 0.115815 0.0375242
40 1 -0.0597608 -0.456701 -0.123784
40 2 -0.0536731 -0.430546 -0.120752
40 3 -0.050818 -0.41782 -0.118099
40 4 -0.0483171 -0.40622 -0.116139
40 5 -0.0477816 -0.403798 -0.114377
40 6 -0.0431853 -0.383804 -0.111885
40 7 -0.0412251 -0.373963 -0.109315
40 8 -0.0390209 -0.362565 -0.10669
40 9 -0.035467 -0.346457 -0.103866
40 10 -0.0347377 -0.340875 -0.10137
40 11 -0.0331537 -0.331519 -0.098404
40 12 -0.0304503 -0.317861 -0.0958001
40 13 -0.0273834 -0.301684 -0.092469
40 14 -0.0265752 -0.295951 -0.0895304
40 15 -0.0252935 -0.287383 -0.0865895
40 16 -0.0232015 -0.274987 -0.0838383
40 17 -0.0212639 -0.262969 -0.0807927
40 18 -0.0204146 -0.255175 -0.0779381
40 19 -0.0182844 -0.241874 -0.0744907
40 20 -0.0167247 -0.230882 -0.0705752
40 21 -0.0162097 -0.223873 -0.0673227
40 22 -0.0136844 -0.20666 -0.0639578
40 23 -0.0119336 -0.193386 -0.0603147
40 24 -0.0106541 -0.181737 -0.0569851
40 25 -0.00912902 -0.168801 -0.0534566
40 26 -0.00877656 -0.160319 -0.0500617
40 27 -0.00943561 -0.156869 -0.046187
40 28 -0.00600537 -0.134694 -0.0429897
40 29 -0.00507794 -0.124023 -0.039632
40 30 -0.00458847 -0.113571 -0.0359791
40 31 -0.00353422 -0.100061 -0.0319983
40 32 -0.00293202 -0.0892069 -0.0284785
40 33 -0.00215897 -0.0773301 -0.0250558
40 34 -0.00169152 -0.0664488 -0.0212819
40 35 -0.00130707 -0.0557065 -0.0179174
40 36 -0.000967889 -0.0453408 -0.0144613
40 37 -0.00093922 -0.0354491 -0.0103851
40 38 -0.000644817 -0.0238436 -0.00689494
40 39 -0.000244791 -0.0127525 -0.00374008
40 41 0.000587129 0.0143696 0.00359392
40 42 0.000395198 0.0240312 0.00698865
40 43 -9.09768e-05 0.0328304 0.0106749
40 44 -8.22836e-05 0.0439238 0.0140116
40 45 -0.000299248 0.0535412 0.0173515
40 46 -0.000569412 0.0638939 0.0206671
40 47 -0.00119773 0.0725417 0.0241626
40 48 -0.00132811 0.0837196 0.0274771
40 49 -0.00165919 0.0939796 0.0305679
40 50 -0.00201841 0.104638 0.0339032
41 1 -0.0566604 -0.454334 -0.126215
41 2 -0.0520252 -0.433838 -0.12327
41 3 -0.0513714 -0.431559 -0.121991
41 4 -0.0481018 -0.416888 -0.119871
41 5 -0.0462417 -0.408692 -0.117662
41 6 -0.0446582 -0.400185 -0.11471
41 7 -0.0412566 -0.384479 -0.112438
41 8 -0.0394466 -0.375988 -0.110391
41 9 -0.0373641 -0.365329 -0.107103
41 10 -0.0352415 -0.35381 -0.104095
41 11 -0.0331686 -0.342831 -0.101586
41 12 -0.031581 -0.33353 -0.0985506
41 13 -0.0282849 -0.316737 -0.0956882
41 14 -0.0270003 -0.3087 -0.092962
41 15 -0.0246633 -0.295599 -0.0902808
41 16 -0.0224898 -0.281862 -0.0865728
41 17 -0.0217983 -0.276692 -0.0839516
41 18 -0.0203841 -0.266853 -0.0814937
41 19 -0.0179607 -0.250904 -0.0774763
41 20 -0.0166228 -0.240491 -0.0742321
41 21 -0.0153366 -0.230561 -0.0709023
41 22 -0.0132778 -0.215831 -0.0673708
41 23 -0.012433 -0.206678 -0.0638007
41 24 -0.0110638 -0.195752 -0.0609463
41 25 -0.0104029 -0.185457 -0.0567761
41 26 -0.00953321 -0.175068 -0.0535094
41 27 -0.00894361 -0.165416 -0.0497808
41 28 -0.00772231 -0.153283 -0.0462868
41 29 -0.0069604 -0.141752 -0.0423765
41 30 -0.00432464 -0.122713 -0.0394174
41 31 -0.00359395 -0.111 -0.0356787
41 32 -0.00330871 -0.101523 -0.0319096
41 33 -0.00258189 -0.0904061 -0.0284583
41 34 -0.00185553 -0.0779119 -0.0250844
41 35 -0.00150128 -0.066914 -0.0213111
41 36 -0.00119241 -0.0569964 -0.0178914
41 37 -0.000497833 -0.0437264 -0.0143012
41 38 -0.000935205 -0.0359424 -0.0104196
41 39 -0.000307688 -0.0224794 -0.00711705
41 40 -0.000242176 -0.0136793 -0.00336471
41 42 0.000691488 0.0151278 0.00332846
41 43 -9.55257e-05 0.0216128 0.00710224
41 44 -0.000291055 0.0318826 0.0104502
41 45 -0.000448742 0.0422525 0.0138516
41 46 -0.000626539 0.0536441 0.0172273
41 47 -0.000715443 0.0642806 0.0205315
41 48 -0.00135902 0.0729659 0.0239027
41 49 -0.00143675 0.0837629 0.0268671
41 50 -0.00214766 0.0926069 0.0303421
42 1 -0.0541658 -0.454718 -0.129256
42 2 -0.0516944 -0.44475 -0.12735
42 3 -0.0508671 -0.440111 -0.125091
42 4 -0.0482435 -0.42906 -0.122836
42 5 -0.0469294 -0.422239 -0.120672
42 6 -0.0429893 -0.404232 -0.1178
42 7 -0.0410198 -0.394905 -0.115854
42 8 -0.0387489 -0.383811 -0.113097
42 9 -0.0356622 -0.369031 -0.110208
42 10 -0.0344268 -0.361124 -0.107622
42 11 -0.0352161 -0.363272 -0.104344
42 12 -0.0305542 -0.339695 -0.10202
42 13 -0.0288287 -0.329427 -0.0988494
42 14 -0.0267821 -0.317922 -0.0959342
42 15 -0.0249092 -0.307407 -0.0933103
42 16 -0.0226504 -0.295149 -0.0907421
42 17 -0.022191 -0.287703 -0.0867036
42 18 -0.0203926 -0.2782 -0.0847173
42 19 -0.01785 -0.260958 -0.0806636
42 20 -0.0165829 -0.251089 -0.0778847
42 21 -0.0141773 -0.234071 -0.0751294
42 22 -0.0148178 -0.235844 -0.0713471
42 23 -0.011553 -0.212926 -0.067081
42 24 -0.010082 -0.200408 -0.0640059
42 25 -0.00928097 -0.1913 -0.0603895
42 26 -0.00780851 -0.178287 -0.0570506
42 27 -0.00785721 -0.173608 -0.0540969
42 28 -0.00616633 -0.156948 -0.0500395
42 29 -0.00584682 -0.147953 -0.0462987
42 30 -0.00417237 -0.133115 -0.0430289
42 31 -0.00499475 -0.128177 -0.0387983
42 32 -0.00290166 -0.110569 -0.0354632
42 33 -0.00251065 -0.100203 -0.0318719
42 34 -0.00170423 -0.0884606 -0.0285072
42 35 -0.00141929 -0.0773872 -0.0246505
42 36 -0.000786792 -0.0653531 -0.0214004
42 37 -0.000848286 -0.0565748 -0.0176791
42 38 -0.00042564 -0.0442788 -0.0140863
42 39 -0.00018131 -0.0331696 -0.0106748
42 40 -0.000240337 -0.023638 -0.00694586
42 41 -0.000744233 -0.0146792 -0.00349969
42 43 0.000210303 0.0131922 0.00345262
42 44 -4.60511e-05 0.02316 0.00680797
42 45 -0.000330005 0.0325029 0.0104957
42 46 -0.000489672 0.0438326 0.013579
42 47 -0.000954554 0.05214 0.0172477
42 48 -0.00128507 0.0627132 0.0206497
42 49 -0.00137949 0.0728955 0.0232202
42 50 -0.00196661 0.0823883 0.0267889
43 1 -0.0546146 -0.468035 -0.132575
43 2 -0.0524349 -0.458982 -0.130123
43 3 -0.0505026 -0.450373 -0.128186
43 4 -0.0481269 -0.43993 -0.12653
43 5 -0.0451724 -0.426336 -0.124244
43 6 -0.0418186 -0.410669 -0.121366
43 7 -0.0416541 -0.408709 -0.119089
43 8 -0.0386197 -0.394391 -0.116226
43 9 -0.0350031 -0.376473 -0.113777
43 10 -0.034585 -0.373229 -0.110601
43 11 -0.0322901 -0.361133 -0.107954
43 12 -0.0304258 -0.351458 -0.105261
43 13 -0.0283884 -0.339399 -0.102316
43 14 -0.0268639 -0.329822 -0.0997015
43 15 -0.0248798 -0.318124 -0.0966989
43 16 -0.0224128 -0.303798 -0.0932773
43 17 -0.0219617 -0.298677 -0.0900283
43 18 -0.0198699 -0.286355 -0.087986
43 19 -0.0172878 -0.269697 -0.0840414
43 20 -0.0157894 -0.258348 -0.0805431
43 21 -0.0136468 -0.242789 -0.0776812
43 22 -0.012614 -0.234075 -0.0740693
43 23 -0.0118064 -0.225754 -0.0707802
43 24 -0.0104053 -0.213308 -0.0672945
43 25 -0.00952774 -0.202373 -0.0633532
43 26 -0.00800566 -0.189625 -0.060381
43 27 -0.00794042 -0.1841 -0.0566589
43 28 -0.00616858 -0.168369 -0.0536527
43 29 -0.00579643 -0.158887 -0.0499259
43 30 -0.00478667 -0.146796 -0.0461794
43 31 -0.00328336 -0.131457 -0.0424474
43 32 -0.00353018 -0.126527 -0.0387491
43 33 -0.00215077 -0.109948 -0.0354797
43 34 -0.00157004 -0.0982772 -0.0318479
43 35 -0.00118573 -0.0876185 -0.028387
43 36 -0.000772251 -0.0761558 -0.0246447
43 37 -0.000437565 -0.064602 -0.0209916
43 38 -0.000396404 -0.0546293 -0.0174785
43 39 -2.01664e-05 -0.0432077 -0.0141449
43 40 4.77429e-05 -0.032236 -0.0105065
43 41 0.000107458 -0.021492 -0.0070911
43 42 -0.000217106 -0.0133334 -0.00359588
43 44 2.28209e-05 0.0120593 0.00341476
43 45 0.000444309 0.0246152 0.00651428
43 46 -0.000336452 0.0340157 0.0103769
43 47 -0.000491661 0.0441849 0.0136326
43 48 -0.00115111 0.0538154 0.0171557
43 49 -0.00150323 0.0627811 0.0203143
43 50 -0.00205371 0.0721065 0.0233227
44 1 -0.0556739 -0.484226 -0.135665
44 2 -0.0525054 -0.470226 -0.133336
44 3 -0.0508571 -0.463314 -0.131356
44 4 -0.048562 -0.452275 -0.128743
44 5 -0.0459833 -0.441289 -0.126744
44 6 -0.0439698 -0.431562 -0.124235
44 7 -0.0416402 -0.420342 -0.122263
44 8 -0.0383574 -0.404607 -0.119332
44 9 -0.0356829 -0.391518 -0.116247
44 10 -0.0346442 -0.383951 -0.114059
44 11 -0.0323842 -0.372805 -0.111045
44 12 -0.0302736 -0.361494 -0.108508
44 13 -0.0279678 -0.348837 -0.105693
44 14 -0.0260889 -0.337825 -0.103071
44 15 -0.0242478 -0.326674 -0.0994928
44 16 -0.0221027 -0.314292 -0.0975579
44 17 -0.020585 -0.30386 -0.0938478
44 18 -0.019758 -0.297515 -0.0912923
44 19 -0.0169942 -0.279186 -0.0868104
44 20 -0.0155238 -0.268478 -0.0842838
44 21 -0.0149386 -0.262621 -0.0811016
44 22 -0.014291 -0.254749 -0.0776432
44 23 -0.0118036 -0.236714 -0.0739227
44 24 -0.0106386 -0.226247 -0.0710004
44 25 -0.00887474 -0.211328 -0.0670318
44 26 -0.00844309 -0.204371 -0.0644088
44 27 -0.00749713 -0.194006 -0.0608852
44 28 -0.00595058 -0.178609 -0.0567978
44 29 -0.00617858 -0.172209 -0.0530085
44 30 -0.00408377 -0.15534 -0.0498902
44 31 -0.00351768 -0.144602 -0.0464621
44 32 -0.00270051 -0.132146 -0.0424079
44 33 -0.00219475 -0.121273 -0.0389899
44 34 -0.00149041 -0.109454 -0.0352181
44 35 -0.00101638 -0.0977176 -0.0316843
44 36 -0.000786059 -0.0886936 -0.0286849
44 37 -0.000538112 -0.0771941 -0.024386
44 38 -0.000206651 -0.0649606 -0.0209804
44 39 9.29647e-05 -0.0532907 -0.0174505
44 40 5.9486e-05 -0.0438036 -0.0139276
44 41 0.000204028 -0.0318455 -0.0102801
44 42 9.42124e-06 -0.0231794 -0.006577
44 43 -1.67756e-05 -0.0119797 -0.00341049
44 45 0.000108311 0.0139133 0.00323066
44 46 -0.000233622 0.0223693 0.00675642
44 47 -0.000443764 0.0339484 0.0101808
44 48 -0.00101541 0.0421649 0.0136607
44 49 -0.00145075 0.0516507 0.0167786
44 50 -0.00185243 0.0612275 0.0199391
45 1 -0.0544819 -0.49078 -0.138173
45 2 -0.0514586 -0.47715 -0.135705
45 3 -0.0491701 -0.467321 -0.134189
45 4 -0.0475439 -0.459729 -0.132483
45 5 -0.045768 -0.451479 -0.129733
45 6 -0.0426545 -0.43667 -0.127686
45 7 -0.0392254 -0.420668 -0.124847
45 8 -0.0381174 -0.416081 -0.123419
45 9 -0.0360307 -0.404475 -0.120113
45 10 -0.0338333 -0.393051 -0.117328
45 11 -0.0313794 -0.38001 -0.115061
45 12 -0.0301886 -0.373071 -0.11224
45 13 -0.0278551 -0.359473 -0.109109
45 14 -0.0274988 -0.355721 -0.105957
45 15 -0.0241751 -0.337996 -0.102956
45 16 -0.022767 -0.328864 -0.100137
45 17 -0.0209984 -0.317561 -0.0976076
45 18 -0.0194217 -0.308046 -0.0954817
45 19 -0.0172887 -0.292374 -0.0904603
45 20 -0.0159246 -0.282645 -0.0881243
45 21 -0.0150264 -0.274252 -0.0845145
45 22 -0.0131444 -0.25995 -0.0809601
45 23 -0.0112859 -0.246296 -0.0777062
45 24 -0.0103597 -0.235528 -0.0738903
45 25 -0.00876528 -0.222408 -0.0707104
45 26 -0.00817237 -0.215269 -0.0679157
45 27 -0.00716923 -0.202911 -0.0639113
45 28 -0.00591392 -0.189478 -0.0601359
45 29 -0.00528499 -0.1803 -0.056942
45 30 -0.0044447 -0.168598 -0.0535424
45 31 -0.00352696 -0.155889 -0.0492739
45 32 -0.00322613 -0.145248 -0.0453689
45 33 -0.00166748 -0.12935 -0.0421651
45 34 -0.00201891 -0.124264 -0.0384605
45 35 -0.00138274 -0.112104 -0.0347976
45 36 -0.000473904 -0.0971431 -0.0315333
45 37 -0.000116629 -0.0866123 -0.0283083
45 38 7.91345e-05 -0.0751169 -0.0244052
45 39 0.000185152 -0.0649749 -0.0209818
45 40 0.000422329 -0.0529032 -0.017398
45 41 0.00040119 -0.0425928 -0.0138234
45 42 0.000291725 -0.0324313 -0.0104184
45 43 -5.62604e-05 -0.0233446 -0.00700444
45 44 -0.000140895 -0.0137145 -0.00358699
45 46 -0.000147114 0.0115555 0.00354804
45 47 -0.000437963 0.0221524 0.00692409
45 48 -0.000910116 0.0314199 0.0103502
45 49 -0.00127716 0.0416318 0.0131429
45 50 -0.00164926 0.0513606 0.0164758
46 1 -0.0557675 -0.508167 -0.14122
46 2 -0.0526195 -0.49525 -0.13998
46 3 -0.0547804 -0.50667 -0.139376
46 4 -0.0472132 -0.470609 -0.135818
46 5 -0.0458026 -0.464682 -0.133298
46 6 -0.0435533 -0.453669 -0.131129
46 7 -0.0393513 -0.433131 -0.128972
46 8 -0.0381488 -0.427064 -0.125515
46 9 -0.0349254 -0.411009 -0.123045
46 10 -0.0339275 -0.405498 -0.12088
46 11 -0.0311946 -0.390669 -0.117652
46 12 -0.0298315 -0.383041 -0.115072
46 13 -0.0278299 -0.37184 -0.111902
46 14 -0.0257721 -0.359255 -0.108967
46 15 -0.0240574 -0.350682 -0.107414
46 16 -0.0225267 -0.338834 -0.103151
46 17 -0.0204481 -0.327123 -0.100592
46 18 -0.0187304 -0.31658 -0.0982198
46 19 -0.0167492 -0.301883 -0.0942309
46 20 -0.0161765 -0.295817 -0.0910443
46 21 -0.0144566 -0.283837 -0.0876786
46 22 -0.0124547 -0.268018 -0.0840377
46 23 -0.0114159 -0.25839 -0.0809448
46 24 -0.00971207 -0.244576 -0.0772769
46 25 -0.00877329 -0.234398 -0.0741432
46 26 -0.00757826 -0.22182 -0.0700567
46 27 -0.00648785 -0.210165 -0.0667988
46 28 -0.00567863 -0.200224 -0.0635731
46 29 -0.00495034 -0.189367 -0.0597242
46 30 -0.00406034 -0.177646 -0.0564489
46 31 -0.00279832 -0.164373 -0.0529018
46 32 -0.00238561 -0.153155 -0.0491901
46 33 -0.0015947 -0.14149 -0.0457869
46 34 -0.000848714 -0.128672 -0.0422105
46 35 -0.000638556 -0.118551 -0.038344
46 36 -0.00015935 -0.106945 -0.0350997
46 37 6.80966e-05 -0.0965647 -0.0313825
46 38 0.00038533 -0.0853855 -0.027841
46 39 0.00039785 -0.0750659 -0.0241967
46 40 0.000628563 -0.0635064 -0.0208531
46 41 0.000650456 -0.0526627 -0.0171727
46 42 0.000459124 -0.0441206 -0.0137761
46 43 0.000302436 -0.0345615 -0.0103826
46 44 0.000107603 -0.0223176 -0.00661391
46 45 3.81629e-05 -0.0118912 -0.00337099
46 47 -4.80699e-05 0.0124414 0.00320286
46 48 -0.000668291 0.0210458 0.00670761
46 49 -0.000957514 0.0320363 0.00997616
46 50 -0.00152752 0.0400927 0.0131578
47 1 -0.0541808 -0.514335 -0.144087
47 2 -0.0516274 -0.502457 -0.142496
47 3 -0.0489466 -0.491011 -0.140406
47 4 -0.0470925 -0.480698 -0.137715
47 5 -0.0440749 -0.469536 -0.137092
47 6 -0.0427476 -0.461726 -0.134195
47 7 -0.0406407 -0.452921 -0.132386
47 8 -0.0377723 -0.437801 -0.128921
47 9 -0.0353238 -0.425137 -0.125982
47 10 -0.03291 -0.413017 -0.123616
47 11 -0.0306846 -0.401582 -0.121072
47 12 -0.0291123 -0.391884 -0.11812
47 13 -0.0269474 -0.379697 -0.115377
47 14 -0.0268994 -0.378178 -0.114048
47 15 -0.0239777 -0.360568 -0.109566
47 16 -0.0222999 -0.34995 -0.106084
47 17 -0.020385 -0.338302 -0.103215
47 18 -0.0187035 -0.327906 -0.100909
47 19 -0.0166432 -0.312339 -0.0964604
47 20 -0.0156929 -0.304979 -0.0941792
47 21 -0.0138654 -0.291532 -0.0910138
47 22 -0.0127038 -0.281522 -0.0871509
47 23 -0.0112328 -0.270114 -0.0845503
47 24 -0.00966977 -0.254845 -0.0800034
47 25 -0.00844621 -0.244579 -0.0771387
47 26 -0.00710728 -0.230963 -0.0738666
47 27 -0.00703512 -0.225785 -0.0706054
47 28 -0.00498865 -0.207835 -0.0667561
47 29 -0.00440501 -0.200091 -0.0638295
47 30 -0.00332057 -0.185634 -0.0595207
47 31 -0.00290797 -0.17634 -0.0563878
47 32 -0.00223424 -0.164931 -0.0528015
47 33 -0.00116777 -0.151057 -0.049046
47 34 -0.00106143 -0.143149 -0.0455144
47 35 -7.63348e-05 -0.127887 -0.0419502
47 36 -7.20269e-05 -0.119163 -0.0384577
47 37 0.00040085 -0.106732 -0.0348191
47 38 0.000751329 -0.0950507 -0.0310411
47 39 0.000808964 -0.0849592 -0.0277347
47 40 0.00112979 -0.073192 -0.0241806
47 41 0.000779032 -0.064145 -0.0205887
47 42 0.000886923 -0.0527406 -0.0170583
47 43 0.000452454 -0.0441578 -0.0135185
47 44 0.000417706 -0.0339856 -0.0101826
47 45 0.000169724 -0.0233047 -0.00662564
47 46 0.000178811 -0.0123884 -0.00343189
47 48 -0.000193757 0.0148376 0.00329947
47 49 -0.000687474 0.0213561 0.00648617
47 50 -0.00115807 0.0304919 0.00984424
48 1 -0.0561292 -0.535465 -0.148617
48 2 -0.0505062 -0.510045 -0.145419
48 3 -0.0490527 -0.502901 -0.143736
48 4 -0.0476515 -0.496366 -0.140863
48 5 -0.042302 -0.472818 -0.139447
48 6 -0.042387 -0.472882 -0.136503
48 7 -0.0384159 -0.452515 -0.133864
48 8 -0.0370028 -0.446004 -0.131718
48 9 -0.0358014 -0.4402 -0.129727
48 10 -0.0327325 -0.423878 -0.126546
48 11 -0.0302021 -0.410392 -0.12341
48 12 -0.0290636 -0.404279 -0.121592
48 13 -0.0277747 -0.395365 -0.118845
48 14 -0.0254989 -0.382736 -0.115851
48 15 -0.0241663 -0.374726 -0.113589
48 16 -0.0213175 -0.35755 -0.109542
48 17 -0.0200381 -0.349394 -0.107749
48 18 -0.0181386 -0.335735 -0.103827
48 19 -0.0164451 -0.325056 -0.100543
48 20 -0.0150583 -0.313717 -0.0975044
48 21 -0.0134968 -0.302041 -0.0944735
48 22 -0.0119165 -0.289341 -0.0907702
48 23 -0.0105503 -0.277533 -0.0872152
48 24 -0.0089529 -0.263829 -0.0836854
48 25 -0.00802113 -0.254615 -0.0807171
48 26 -0.00663721 -0.241551 -0.0771508
48 27 -0.00606031 -0.23292 -0.0736825
48 28 -0.00490815 -0.21963 -0.0699107
48 29 -0.00417979 -0.209586 -0.0668539
48 30 -0.0032006 -0.196913 -0.0629757
48 31 -0.00244207 -0.185128 -0.0591202
48 32 -0.0017432 -0.1743 -0.0560374
48 33 -0.00104188 -0.162162 -0.0521572
48 34 -0.000491045 -0.151473 -0.0487757
48 35 -4.26838e-05 -0.139562 -0.0450006
48 36 0.000507922 -0.127826 -0.0416346
48 37 0.000829042 -0.115878 -0.0379393
48 38 0.000937857 -0.106222 -0.0346033
48 39 0.00115894 -0.0947869 -0.0309252
48 40 0.00114121 -0.0847806 -0.0271599
48 41 0.00130058 -0.0732942 -0.0239726
48 42 0.00124252 -0.0624869 -0.0203007
48 43 0.00103647 -0.0543356 -0.0168396
48 44 0.000894366 -0.0419717 -0.0132034
48 45 0.00068476 -0.031988 -0.0100586
48 46 0.000514853 -0.0209535 -0.00661628
48 47 0.00010956 -0.0121376 -0.00343537
48 49 -0.000270359 0.0117265 0.00340402
48 50 -0.000664118 0.0219672 0.00640854
49 1 -0.05355 -0.535067 -0.150926
49 2 -0.0511901 -0.52472 -0.14842
49 3 -0.0495691 -0.517833 -0.146899
49 4 -0.047719 -0.510055 -0.145024
49 5 -0.0427452 -0.486454 -0.142572
49 6 -0.0402836 -0.473246 -0.139189
49 7 -0.0381206 -0.463375 -0.137053
49 8 -0.0365915 -0.455944 -0.134812
49 9 -0.0344516 -0.445669 -0.13301
49 10 -0.0325969 -0.435819 -0.130049
49 11 -0.0298831 -0.420396 -0.126408
49 12 -0.0281299 -0.41114 -0.12447
49 13 -0.0268827 -0.403821 -0.121472
49 14 -0.0244697 -0.389853 -0.118991
49 15 -0.0228442 -0.378953 -0.115411
49 16 -0.0210874 -0.368629 -0.112898
49 17 -0.0190398 -0.355819 -0.109792
49 18 -0.0195677 -0.357964 -0.108302
49 19 -0.0159287 -0.33312 -0.103258
49 20 -0.0148529 -0.324801 -0.10089
49 21 -0.0127062 -0.30987 -0.0980217
49 22 -0.0116761 -0.300711 -0.0937649
49 23 -0.00988348 -0.286202 -0.0904697
49 24 -0.00864857 -0.274865 -0.0869829
49 25 -0.00750431 -0.264176 -0.0838439
49 26 -0.00600662 -0.249809 -0.0802277
49 27 -0.00512913 -0.239051 -0.0763943
49 28 -0.00441478 -0.229377 -0.0732097
49 29 -0.00445746 -0.227125 -0.0707332
49 30 -0.0026248 -0.206604 -0.0664104
49 31 -0.00209495 -0.196784 -0.0629256
49 32 -0.00113603 -0.183134 -0.0591524
49 33 -0.000465204 -0.171145 -0.0554838
49 34 -0.00106053 -0.170047 -0.0530176
49 35 0.000188477 -0.152238 -0.0485508
49 36 0.00094816 -0.136968 -0.0448966
49 37 0.00132715 -0.125261 -0.0413905
49 38 0.00128068 -0.116812 -0.0378575
49 39 0.0012615 -0.10668 -0.0340897
49 40 0.00142454 -0.0949753 -0.0306277
49 41 0.00170916 -0.0834541 -0.0272777
49 42 0.00141382 -0.0736882 -0.0232873
49 43 0.0014393 -0.0628958 -0.0202955
49 44 0.00152654 -0.0512475 -0.0168508
49 45 0.00143402 -0.0413912 -0.0133824
49 46 0.00101085 -0.0313144 -0.0099863
49 47 0.000641032 -0.021514 -0.00663077
49 48 0.000237949 -0.011582 -0.00330795
49 50 -1.05301e-05 0.012566 0.00295029
50 1 -0.0524429 -0.542336 -0.153027
50 2 -0.050086 -0.532165 -0.151318
50 3 -0.0491029 -0.528202 -0.150041
50 4 -0.044663 -0.507145 -0.147097
50 5 -0.0410448 -0.488538 -0.143977
50 6 -0.0399668 -0.484851 -0.14242
50 7 -0.0371279 -0.470729 -0.139477
50 8 -0.0361511 -0.465669 -0.138138
50 9 -0.0345697 -0.458257 -0.135274
50 10 -0.0306464 -0.437393 -0.133089
50 11 -0.0301485 -0.434673 -0.129763
50 12 -0.027767 -0.420934 -0.127306
50 13 -0.0261194 -0.412243 -0.124819
50 14 -0.0225239 -0.391342 -0.1208
50 15 -0.0219359 -0.387252 -0.118776
50 16 -0.0198668 -0.375447 -0.115522
50 17 -0.0187384 -0.366016 -0.112778
50 18 -0.0166571 -0.353194 -0.110178
50 19 -0.0158481 -0.345964 -0.107241
50 20 -0.0135979 -0.332783 -0.106618
50 21 -0.0129101 -0.322897 -0.101541
50 22 -0.0109027 -0.308534 -0.0975149
50 23 -0.00952386 -0.296882 -0.0935284
50 24 -0.00824157 -0.28562 -0.0903752
50 25 -0.00705173 -0.273937 -0.0869535
50 26 -0.00606193 -0.262618 -0.0832968
50 27 -0.00563258 -0.253944 -0.0798573
50 28 -0.0037142 -0.237676 -0.07655
50 29 -0.00399437 -0.236255 -0.0735977
50 30 -0.00220711 -0.216521 -0.0695755
50 31 -0.00106669 -0.203105 -0.066117
50 32 -0.000959748 -0.195025 -0.0626805
50 33 -0.000283894 -0.182582 -0.0587966
50 34 -0.000411334 -0.175915 -0.0560075
50 35 0.000963384 -0.158319 -0.0515078
50 36 0.00126847 -0.148182 -0.0482023
50 37 0.00151526 -0.13641 -0.0440492
50 38 0.00179624 -0.126018 -0.0409989
50 39 0.00202217 -0.11391 -0.037353
50 40 0.00183926 -0.104979 -0.0337033
50 41 0.00216186 -0.0925279 -0.0302352
50 42 0.00202959 -0.0826986 -0.0267322
50 43 0.0021168 -0.0712633 -0.0234389
50 44 0.00192705 -0.0611876 -0.0200735
50 45 0.00171568 -0.0507327 -0.0165362
50 46 0.00142178 -0.0405047 -0.0130727
50 47 0.00116909 -0.0303656 -0.0099526
50 48 0.000635354 -0.0217699 -0.0065195
50 49 2.4477e-06 -0.0123719 -0.00282761
