1 2 0.00200798 0.00855917 0.00521537
1 3 0.00477736 0.0195 -0.000106269
1 4 0.00637388 0.027606 0.00922627
1 5 0.00816753 0.0360065 0.0156231
1 6 0.0106269 0.0467908 0.011909
1 7 0.011398 0.0527586 0.0312591
1 8 0.0147146 0.0665275 0.0157707
1 9 0.0166934 0.076432 0.0176674
1 10 0.0186564 0.0863627 0.0213196
1 11 0.020388 0.0962725 0.0222282
1 12 0.022157 0.105709 0.0277403
1 13 0.0242918 0.117591 0.0311703
1 14 0.0254622 0.125581 0.0350344
1 15 0.0272591 0.136517 0.0358555
1 16 0.0290314 0.147895 0.0406049
1 17 0.0300664 0.15853 0.0316576
1 18 0.0307414 0.168377 0.0509894
1 19 0.0333426 0.178918 0.0498723
1 20 0.0343209 0.188213 0.0483356
1 21 0.0354755 0.198056 0.0555698
1 22 0.0363958 0.212632 0.0336497
1 23 0.037753 0.218191 0.0625395
1 24 0.0389382 0.227831 0.0706602
1 25 0.0399207 0.237349 0.0777234
1 26 0.0348742 0.249324 0.0881112
1 27 0.0316497 0.25915 0.103025
1 28 0.0447558 0.273229 0.0713625
1 29 0.0274069 0.27929 0.127609
1 30 0.0437059 0.291024 0.0845519
1 31 0.0436543 0.301166 0.0898653
1 32 0.0444583 0.311364 0.0914739
1 33 0.0447089 0.321573 0.0957947
1 34 0.0447375 0.331881 0.0984093
1 35 0.0452574 0.341673 0.105225
1 36 0.0446677 0.34953 0.109927
1 37 0.0448379 0.360023 0.108462
1 38 0.0448838 0.369441 0.117768
1 39 0.0452814 0.382485 0.115726
1 40 0.0453072 0.39278 0.119081
1 41 0.0452295 0.4021 0.122859
1 42 0.0451716 0.411751 0.124095
1 43 0.0316705 0.419367 0.177021
1 44 0.0438434 0.431008 0.13309
1 45 0.0357156 0.439192 0.16709
1 46 0.0408249 0.449513 0.148465
1 47 0.0348066 0.457827 0.174432
1 48 0.0256736 0.465379 0.21413
1 49 0.0354067 0.476483 0.175041
1 50 0.0363117 0.485726 0.172001
2 1 -0.00200798 -0.00855917 -0.00521537
2 3 0.00208982 0.00905364 0.00362635
2 4 0.00443695 0.0190369 0.00313676
2 5 0.00670974 0.0293651 0.00230692
2 6 0.00849352 0.0376449 0.0101896
2 7 0.0106647 0.0474958 0.0115038
2 8 0.0123923 0.0569881 0.0152873
2 9 0.0145368 0.0669162 0.0166601
2 10 0.0160093 0.07554 0.0256165
2 11 0.0181558 0.0865521 0.0235795
2 12 0.0197829 0.0961639 0.0281406
2 13 0.0215421 0.106439 0.0304554
2 14 0.023416 0.116949 0.0311186
2 15 0.0249721 0.126711 0.0362419
2 16 0.0265585 0.136889 0.0369298
2 17 0.0284686 0.147794 0.0368587
2 18 0.0296498 0.159591 0.0450578
2 19 0.0307675 0.168144 0.0462547
2 20 0.0318918 0.177972 0.0515305
2 21 0.0334558 0.188796 0.0524994
2 22 0.0344749 0.198596 0.0557439
2 23 0.0354146 0.208738 0.0617806
2 24 0.0360791 0.222325 0.0477505
2 25 0.0326964 0.229608 0.0803347
2 26 0.0278798 0.239616 0.100217
2 27 0.00269505 0.247559 0.169351
2 28 0.0398316 0.260983 0.0773391
2 29 0.0405593 0.271277 0.0802617
2 30 0.0411539 0.281365 0.0857242
2 31 0.0416328 0.29191 0.0865466
2 32 0.0386467 0.299207 0.122376
2 33 0.0422766 0.310415 0.110623
2 34 0.0426538 0.322608 0.0965295
2 35 0.0428568 0.332884 0.102981
2 36 0.0428114 0.340962 0.100983
2 37 0.0432283 0.353085 0.108221
2 38 0.0428862 0.361094 0.104468
2 39 0.0430404 0.3733 0.114727
2 40 0.0430958 0.382741 0.117189
2 41 0.0323001 0.390994 0.159375
2 42 0.0428859 0.402966 0.124454
2 43 0.0424644 0.413022 0.125346
2 44 0.0434398 0.422178 0.124375
2 45 0.0419701 0.431514 0.132763
2 46 0.0353905 0.439519 0.160963
2 47 0.041167 0.450579 0.138642
2 48 0.0406293 0.460015 0.1404
2 49 0.0400998 0.468635 0.144719
2 50 0.039796 0.477832 0.149339
3 1 -0.00444938 -0.0186551 -0.00382394
3 2 -0.00221811 -0.00946143 -0.00269055
3 4 0.00211205 0.00940132 0.00190528
3 5 0.00468861 0.0193952 0.00390501
3 6 0.00614294 0.0278577 0.00966836
3 7 0.00789916 0.0362026 0.018257
3 8 0.0103462 0.0478276 0.0122715
3 9 0.0121429 0.0568855 0.0183379
3 10 0.0156494 0.0729412 0.0186663
3 11 0.0160063 0.07784 0.0171043
3 12 0.0178456 0.0872166 0.0234635
3 13 0.019573 0.0975232 0.0262088
3 14 0.0213763 0.107751 0.027897
3 15 0.025628 0.119315 0.0177382
3 16 0.0204975 0.125991 0.0557331
3 17 0.0263376 0.138183 0.0355509
3 18 0.0275187 0.148585 0.0400189
3 19 0.0291046 0.158916 0.042196
3 20 0.0298541 0.168856 0.0486501
3 21 0.0311989 0.179313 0.0494986
3 22 0.0324785 0.189329 0.0539841
3 23 0.0337161 0.200027 0.0543242
3 24 0.0345864 0.210667 0.0600392
3 25 0.0359107 0.220539 0.0631641
3 26 0.033166 0.230731 0.0767566
3 27 0.0146705 0.241442 0.130536
3 28 0.0377239 0.251537 0.0754719
3 29 0.0384327 0.262267 0.0765894
3 30 0.0389779 0.272036 0.0817449
3 31 0.039595 0.282646 0.0831762
3 32 0.0398778 0.293027 0.0894343
3 33 0.0403764 0.303596 0.0892564
3 34 0.0406693 0.313534 0.0933799
3 35 0.0403867 0.320864 0.101947
3 36 0.0407469 0.330832 0.110967
3 37 0.0413287 0.345568 0.10144
3 38 0.0410335 0.351221 0.114898
3 39 0.0369247 0.362894 0.126704
3 40 0.0411857 0.3737 0.114555
3 41 0.0330603 0.381942 0.147421
3 42 0.0338313 0.391747 0.147494
3 43 0.0292823 0.400592 0.168254
3 44 0.031586 0.410624 0.161824
3 45 0.0361616 0.421169 0.145721
3 46 0.0395738 0.431745 0.132222
3 47 0.0317579 0.439005 0.167507
3 48 0.0361411 0.449345 0.150135
3 49 0.0324404 0.457611 0.167465
3 50 0.0286078 0.465897 0.18552
4 1 -0.0067706 -0.0286474 -0.00397498
4 2 -0.00443695 -0.0190369 -0.00313676
4 3 -0.00211205 -0.00940132 -0.00190528
4 5 0.00236264 0.0104682 -0.00180447
4 6 0.00423523 0.0193026 0.00375014
4 7 0.00138866 0.0290791 0.0179092
4 8 0.00848834 0.0391019 0.00976174
4 9 0.00298941 0.0485067 0.0277582
4 10 0.0119381 0.0574908 0.0182731
4 11 0.0139181 0.0674085 0.0206916
4 12 0.0158312 0.0786348 0.0173045
4 13 0.0173152 0.0870652 0.0290043
4 14 0.0198387 0.0986443 0.0240948
4 15 0.0207215 0.107993 0.0303455
4 16 0.022137 0.118666 0.0306393
4 17 0.0238807 0.126996 0.0423329
4 18 0.0252964 0.139079 0.0387036
4 19 0.02498 0.152504 0.0472301
4 20 0.0278898 0.159383 0.0452624
4 21 0.0291731 0.168951 0.0530485
4 22 0.030206 0.181568 0.0444451
4 23 0.0310756 0.191604 0.048576
4 24 0.036263 0.201374 0.048756
4 25 0.0333425 0.21118 0.0623923
4 26 0.033376 0.221813 0.0676776
4 27 0.025531 0.230969 0.0969865
4 28 0.0342993 0.241216 0.0836317
4 29 0.0210626 0.250786 0.123178
4 30 0.022129 0.261145 0.12564
4 31 0.0374658 0.273199 0.0811099
4 32 0.0379126 0.283133 0.0880669
4 33 0.0382571 0.293642 0.0896498
4 34 0.0385133 0.303794 0.0921173
4 35 0.0388448 0.313615 0.0988783
4 36 0.0394017 0.321667 0.120064
4 37 0.0388909 0.334931 0.103362
4 38 0.0434454 0.351771 0.0391904
4 39 0.0409291 0.357901 0.0791427
4 40 0.0400351 0.363904 0.108581
4 41 0.0376905 0.376705 0.104754
4 42 0.0453569 0.383928 0.0930815
4 43 0.0285521 0.391268 0.161702
4 44 0.035869 0.402319 0.134746
4 45 0.039669 0.412412 0.120956
4 46 0.0371036 0.421261 0.132519
4 47 0.0284505 0.429099 0.171948
4 48 0.0354975 0.439802 0.142304
4 49 0.029665 0.447894 0.169485
4 50 0.0297732 0.456982 0.169952
5 1 -0.00842437 -0.036872 -0.0123955
5 2 -0.00658382 -0.0283661 -0.00680306
5 3 -0.00386118 -0.0189382 -0.00684878
5 4 -0.00236264 -0.0104682 0.00180447
5 6 0.00207853 0.00964788 0.00200188
5 7 0.00417707 0.0193447 0.00398024
5 8 0.00617852 0.0287426 0.00816372
5 9 0.00804601 0.0385131 0.0107452
5 10 0.00962185 0.0478745 0.0164342
5 11 0.011744 0.0598692 0.00903903
5 12 0.0135027 0.0689027 0.0177048
5 13 0.0154862 0.079447 0.0220116
5 14 0.0170172 0.0891377 0.0216932
5 15 0.0193057 0.100965 0.0263006
5 16 0.0193512 0.109898 0.0353295
5 17 0.0213723 0.121231 0.0237088
5 18 0.0217646 0.130319 0.0439315
5 19 0.0242968 0.141027 0.032421
5 20 0.0256511 0.150536 0.039468
5 21 0.0271058 0.160373 0.044418
5 22 0.0278282 0.173381 0.0350469
5 23 0.0293263 0.180973 0.0516376
5 24 0.030367 0.19142 0.0561189
5 25 0.0314883 0.200851 0.0642906
5 26 0.0319235 0.21232 0.0631353
5 27 0.0337764 0.226907 0.0656981
5 28 0.0381439 0.238849 0.0595367
5 29 0.0299948 0.239195 0.111179
5 30 0.0332743 0.258438 0.0827227
5 31 0.0355907 0.263591 0.0804378
5 32 0.0362501 0.273732 0.0851761
5 33 0.0360596 0.284397 0.0868627
5 34 0.0373657 0.293665 0.0951944
5 35 0.0364781 0.305631 0.0898649
5 36 0.0371023 0.31452 0.0972324
5 37 0.0382016 0.323655 0.106723
5 38 0.0364846 0.337588 0.0938737
5 39 0.0385406 0.343707 0.114677
5 40 0.0377365 0.354172 0.114429
5 41 0.0379536 0.37244 0.11204
5 42 0.0366264 0.374386 0.117345
5 43 0.0365609 0.385532 0.11761
5 44 0.0377627 0.393176 0.130711
5 45 0.0228053 0.401614 0.172997
5 46 0.0355913 0.412551 0.12888
5 47 0.0350755 0.422124 0.13148
5 48 0.034623 0.431264 0.135577
5 49 0.0345486 0.440084 0.136748
5 50 0.0335918 0.449859 0.139931
6 1 -0.0106269 -0.0467908 -0.011909
6 2 -0.00712226 -0.0393741 -0.0131227
6 3 -0.00614294 -0.0278577 -0.00966836
6 4 -0.00423523 -0.0193026 -0.00375014
6 5 -0.00207853 -0.00964788 -0.00200188
6 7 0.0020769 0.0096989 0.00203193
6 8 0.00416681 0.0195862 0.00405046
6 9 0.0044968 0.029675 0.0124212
6 10 0.00788086 0.0394231 0.00818624
6 11 0.0107091 0.0527545 0.0140078
6 12 0.0118862 0.0603993 0.015879
6 13 0.0134531 0.0695152 0.0162696
6 14 0.014965 0.079398 0.0200448
6 15 0.02043 0.0917168 0.0108958
6 16 0.0179983 0.0992487 0.0270427
6 17 0.0197456 0.108641 0.034504
6 18 0.0210769 0.119926 0.0336912
6 19 0.0225922 0.129918 0.037304
6 20 0.0238836 0.139721 0.0433532
6 21 0.0242822 0.149696 0.0459291
6 22 0.0262937 0.161135 0.0457612
6 23 0.0272441 0.171664 0.0479061
6 24 0.0282199 0.18201 0.0538538
6 25 0.00820345 0.191156 0.11436
6 26 0.0329817 0.217336 0.0655412
6 27 0.0131612 0.212423 0.113718
6 28 0.0293606 0.221164 0.0872627
6 29 0.0320843 0.233599 0.0715912
6 30 0.032639 0.242188 0.0718079
6 31 0.0334911 0.253862 0.0803052
6 32 0.0338239 0.264375 0.0795948
6 33 0.0345599 0.274372 0.0874923
6 34 0.0342058 0.282798 0.0922819
6 35 0.0348079 0.295141 0.0909428
6 36 0.0345768 0.301963 0.106884
6 37 0.0346931 0.311375 0.116844
6 38 0.034901 0.323248 0.103215
6 39 0.0332089 0.331975 0.137797
6 40 0.035222 0.339697 0.142138
6 41 0.0364851 0.362497 0.107875
6 42 0.0343209 0.364183 0.123474
6 43 0.0335349 0.372461 0.13995
6 44 0.0329804 0.379444 0.1651
6 45 0.0343521 0.397881 0.124942
6 46 0.0332545 0.402311 0.126049
6 47 0.0330189 0.413473 0.126314
6 48 0.0328598 0.421567 0.134505
6 49 0.03229 0.430883 0.136704
6 50 0.0315955 0.440158 0.137491
7 1 -0.011398 -0.0527586 -0.0312591
7 2 -0.0106439 -0.0482158 -0.00847534
7 3 0.000968972 -0.0376908 -0.028877
7 4 -0.00638009 -0.0292762 -0.00449226
7 5 -0.00417707 -0.0193447 -0.00398024
7 6 -0.00189505 -0.0084889 -0.00782231
7 8 0.00193734 0.00958604 0.00328261
7 9 0.00390876 0.0208882 -0.00100558
7 10 0.00562473 0.028838 0.01093
7 11 0.00765231 0.0393426 0.0103569
7 12 0.00949289 0.0493993 0.0125047
7 13 0.00902032 0.0616568 0.0230247
7 14 0.00893887 0.0673105 0.0410157
7 15 0.013014 0.0784864 0.0303471
7 16 0.0160796 0.0898152 0.0233005
7 17 0.0174686 0.0997637 0.0289413
7 18 0.0205251 0.110154 0.0234848
7 19 0.0202099 0.121895 0.0369219
7 20 0.0218303 0.129536 0.0443955
7 21 0.0228676 0.14151 0.0396422
7 22 0.0240277 0.150556 0.0433998
7 23 0.0250581 0.162647 0.0433452
7 24 0.0260095 0.174157 0.0424103
7 25 0.00743347 0.181439 0.109364
7 26 0.0286716 0.197607 0.0584108
7 27 0.0240825 0.206681 0.076693
7 28 0.0336455 0.218726 0.0553644
7 29 0.0289732 0.2285 0.0738831
7 30 0.0304948 0.232226 0.0724958
7 31 0.0311808 0.243982 0.0788782
7 32 0.0332996 0.259866 0.0759757
7 33 0.0323391 0.263951 0.0890708
7 34 0.0325017 0.275395 0.0837867
7 35 0.0325808 0.283464 0.0909853
7 36 0.0328423 0.295735 0.0900843
7 37 0.0328238 0.303639 0.0972864
7 38 0.0329784 0.313892 0.100371
7 39 0.0332032 0.32583 0.101073
7 40 0.0337763 0.339315 0.104394
7 41 0.0341149 0.344541 0.114662
7 42 0.0327444 0.355678 0.111557
7 43 0.0325212 0.36537 0.11525
7 44 0.0317531 0.37147 0.1462
7 45 0.0320147 0.384072 0.121475
7 46 0.0306016 0.395291 0.128617
7 47 0.0313152 0.402352 0.12888
7 48 0.0314378 0.416566 0.128613
7 49 0.0301577 0.421323 0.132173
7 50 0.030036 0.42984 0.138957
8 1 -0.0147146 -0.0665275 -0.0157707
8 2 -0.0122132 -0.056972 -0.0158517
8 3 -0.0104265 -0.0481208 -0.0105513
8 4 -0.00801865 -0.0381585 -0.0109258
8 5 -0.00606139 -0.028951 -0.00728275
8 6 -0.00402674 -0.0195299 -0.00432453
8 7 -0.00193734 -0.00958604 -0.00328261
8 9 0.0019805 0.00968109 0.00306291
8 10 0.0039501 0.020977 -0.00153861
8 11 0.00553514 0.0305285 0.00346493
8 12 0.00760171 0.0396002 0.0106754
8 13 0.00932654 0.0500033 0.0131373
8 14 0.0109683 0.0598934 0.0157153
8 15 0.0123297 0.0691708 0.0202641
8 16 0.0139849 0.0795904 0.0237847
8 17 0.0148516 0.0891517 0.030237
8 18 0.0170042 0.100299 0.0293947
8 19 0.0183615 0.110581 0.0321658
8 20 0.0198262 0.120319 0.0388854
8 21 0.020943 0.131381 0.03843
8 22 0.022473 0.14072 0.0466255
8 23 0.0226584 0.153983 0.0342132
8 24 0.0241402 0.162557 0.0467698
8 25 0.024463 0.176084 0.055311
8 26 0.0261917 0.187216 0.0570228
8 27 0.0247796 0.196525 0.0664101
8 28 0.0277011 0.203591 0.0620113
8 29 0.0231882 0.217115 0.0825922
8 30 0.0286118 0.222664 0.0688666
8 31 0.0298115 0.235338 0.0674841
8 32 0.0302899 0.244896 0.0769709
8 33 0.0309324 0.254741 0.0826505
8 34 0.0291813 0.263321 0.0945338
8 35 0.0308581 0.273957 0.082834
8 36 0.0322359 0.28471 0.0957618
8 37 0.0323997 0.294551 0.100741
8 38 0.0312516 0.306879 0.0935936
8 39 0.0310493 0.313467 0.101725
8 40 0.0319778 0.327922 0.0841223
8 41 0.0316653 0.33417 0.0973253
8 42 0.0339469 0.352925 0.10048
8 43 0.040833 0.364896 0.0798016
8 44 0.030417 0.365567 0.115027
8 45 0.0436112 0.385574 0.0729993
8 46 0.0299613 0.387431 0.121956
8 47 0.0310463 0.400592 0.120262
8 48 0.0289126 0.402069 0.128338
8 49 0.0283398 0.411331 0.130766
8 50 0.0293615 0.428539 0.130415
9 1 -0.0166934 -0.076432 -0.0176674
9 2 -0.0145368 -0.0669162 -0.0166601
9 3 -0.0122666 -0.0576265 -0.0159014
9 4 -0.0101761 -0.0480913 -0.0129055
9 5 -0.00804601 -0.0385131 -0.0107452
9 6 -0.00600296 -0.0298007 -0.00808841
9 7 -0.00390876 -0.0208882 0.00100558
9 8 -0.00201626 -0.00998757 -0.00143471
9 10 0.0018022 0.00976092 0.00331434
9 11 0.00350326 0.0194866 0.00841253
9 12 0.00944657 0.0321219 -0.0137896
9 13 0.00719435 0.0397202 0.0123699
9 14 0.00889456 0.0499195 0.0136727
9 15 0.0108188 0.0609184 0.0169991
9 16 0.0121455 0.070419 0.0183641
9 17 0.0134618 0.0802236 0.024073
9 18 0.0151087 0.0903742 0.0275229
9 19 0.0174577 0.103171 0.0275616
9 20 0.0176504 0.111485 0.0313547
9 21 0.0185113 0.120774 0.0382728
9 22 0.0200552 0.13258 0.0354403
9 23 0.0210602 0.142798 0.039285
9 24 0.0227133 0.151622 0.0506349
9 25 0.0170416 0.169166 0.0675547
9 26 0.0237112 0.176085 0.0570329
9 27 0.0174789 0.185382 0.078649
9 28 0.0268636 0.197775 0.0576268
9 29 0.0266537 0.205652 0.0686765
9 30 -0.0182005 0.207673 0.182696
9 31 0.0276112 0.224987 0.0696019
9 32 0.028591 0.234754 0.0759695
9 33 0.0286033 0.245437 0.0775067
9 34 0.0287793 0.255809 0.0792726
9 35 0.0290616 0.26528 0.0865804
9 36 0.0335661 0.268881 0.12391
9 37 0.0292725 0.286048 0.0903407
9 38 0.0291932 0.296014 0.0969179
9 39 0.0293662 0.306288 0.0958284
9 40 0.0293205 0.315959 0.102973
9 41 0.029997 0.329588 0.102177
9 42 0.0292301 0.336921 0.0956146
9 43 0.0288774 0.345765 0.109911
9 44 0.0284151 0.353804 0.123929
9 45 0.0290531 0.381977 0.123056
9 46 0.0288082 0.373196 0.125067
9 47 0.0297212 0.390615 0.11545
9 48 0.0285609 0.392197 0.131686
9 49 0.0299053 0.422125 0.126646
9 50 0.0261949 0.410398 0.132794
10 1 -0.0183302 -0.0853982 -0.0254332
10 2 -0.0160093 -0.07554 -0.0256165
10 3 -0.014076 -0.0674218 -0.0184427
10 4 -0.0119381 -0.0574908 -0.0182731
10 5 -0.00976223 -0.0477285 -0.0169166
10 6 -0.00777339 -0.0380963 -0.015933
10 7 -0.00562473 -0.028838 -0.01093
10 8 -0.0038683 -0.0205222 -0.000550241
10 9 -0.00166488 -0.00901606 -0.00668873
10 11 0.00158028 0.0106435 0.0001062
10 12 0.00386683 0.018943 0.0103484
10 13 0.00553878 0.0296192 0.00855251
10 14 0.00688113 0.0400717 0.012574
10 15 0.00801588 0.0506272 0.0188103
10 16 0.010389 0.0600012 0.0161617
10 17 0.011266 0.0733312 0.00858496
10 18 0.0132692 0.0807857 0.0232365
10 19 0.0144913 0.0911131 0.0265838
10 20 0.0157847 0.101277 0.0305269
10 21 0.0169977 0.111515 0.0338611
10 22 0.018403 0.121601 0.0392103
10 23 0.0192396 0.132624 0.0387855
10 24 0.020161 0.14386 0.0368656
10 25 0.0163024 0.15918 0.0622925
10 26 0.0211604 0.171219 0.056966
10 27 0.0217551 0.181964 0.0612425
10 28 0.0202581 0.179359 0.0983636
10 29 0.018481 0.201629 0.0816501
10 30 0.0299517 0.210506 0.0510146
10 31 0.0257674 0.215321 0.0663925
10 32 0.0262386 0.225399 0.0692414
10 33 0.0265891 0.235629 0.0732913
10 34 0.0267781 0.244132 0.0777667
10 35 0.0271548 0.256149 0.0804792
10 36 0.0270958 0.264191 0.0864795
10 37 0.027043 0.274306 0.0887229
10 38 0.026173 0.282139 0.127435
10 39 0.0276171 0.297219 0.0916945
10 40 0.0273708 0.303238 0.105184
10 41 0.0336075 0.306944 0.146669
10 42 0.0292207 0.342081 0.106307
10 43 0.0264169 0.330588 0.149904
10 44 0.0283893 0.361906 0.114593
10 45 0.0209096 0.368033 0.140445
10 46 0.0262371 0.363985 0.117545
10 47 0.0297603 0.392739 0.11498
10 48 0.0250162 0.399839 0.134116
10 49 0.0277957 0.411433 0.124677
10 50 0.0242199 0.400905 0.128389
11 1 -0.0202495 -0.0963649 -0.0241463
11 2 -0.0183773 -0.0868391 -0.0215677
11 3 -0.0160168 -0.0781823 -0.0157651
11 4 -0.0139181 -0.0674085 -0.0206916
11 5 -0.0117815 -0.0589002 -0.0127745
11 6 -0.00959923 -0.050768 -0.00348074
11 7 -0.00444751 -0.0404099 -0.0184556
11 8 -0.00553514 -0.0305285 -0.00346493
11 9 -0.00348783 -0.0206995 -0.000219029
11 10 -0.00158028 -0.0106435 -0.0001062
11 12 0.00182639 0.0100242 0.00240713
11 13 0.00362817 0.0210689 0.00114195
11 14 0.00505997 0.0302216 0.00986344
11 15 0.00697228 0.0404033 0.0109626
11 16 0.00851913 0.049745 0.017365
11 17 0.00994074 0.0603347 0.0184128
11 18 0.00979337 0.0695493 0.032497
11 19 0.0125534 0.0807574 0.0258736
11 20 0.01256 0.0900566 0.0393009
11 21 0.0152928 0.101186 0.0318163
11 22 0.0168392 0.110396 0.0413752
11 23 0.0178971 0.121332 0.0450111
11 24 0.0195719 0.128424 0.0618249
11 25 0.0059402 0.14214 0.0825709
11 26 0.0191283 0.160685 0.0547851
11 27 0.0199573 0.171629 0.0581567
11 28 0.0210241 0.182545 0.0610493
11 29 0.0226468 0.184456 0.0580291
11 30 0.0215526 0.203848 0.0703189
11 31 0.0239367 0.204713 0.0667238
11 32 0.027842 0.227567 0.0645012
11 33 0.0247823 0.225819 0.0711773
11 34 0.02521 0.235875 0.0751956
11 35 0.0247861 0.244094 0.0800291
11 36 0.0246255 0.254103 0.0923205
11 37 0.0256844 0.265669 0.0876833
11 38 0.0273923 0.282382 0.0347108
11 39 0.0257941 0.286454 0.0906591
11 40 0.0270497 0.301933 0.0920812
11 41 0.0256656 0.306161 0.0974629
11 42 0.0296515 0.332858 0.0963913
11 43 0.0279513 0.341962 0.104121
11 44 0.0249978 0.32754 0.1715
11 45 0.0267244 0.361511 0.112764
11 46 0.0249115 0.348152 0.164365
11 47 0.0244158 0.379927 0.125397
11 48 0.0223259 0.389047 0.133718
11 49 0.0259169 0.400884 0.122207
11 50 0.0239369 0.398201 0.122166
12 1 -0.022157 -0.105709 -0.0277403
12 2 -0.0197829 -0.0961639 -0.0281406
12 3 -0.0177889 -0.0873323 -0.0230556
12 4 -0.0163406 -0.0800218 -0.0206155
12 5 -0.0136892 -0.0690571 -0.0151538
12 6 -0.0115142 -0.0590667 -0.0150245
12 7 -0.00949289 -0.0493993 -0.0125047
12 8 -0.00749788 -0.0394621 -0.0110895
12 9 -0.00556424 -0.0305557 -0.00442654
12 10 -0.00374981 -0.0209592 -0.000439944
12 11 -0.00157342 -0.0102762 -0.00349355
12 13 0.00175742 0.0103374 0.00351057
12 14 0.00342918 0.0199781 0.00643808
12 15 0.0050152 0.0302182 0.00860323
12 16 0.00661543 0.0403173 0.0117725
12 17 0.00806849 0.0508196 0.013802
12 18 0.00941477 0.0606558 0.0189253
12 19 0.0108429 0.0712343 0.0212586
12 20 0.0118328 0.0808705 0.0277153
12 21 0.0132511 0.09119 0.0292371
12 22 0.0142119 0.101341 0.0325851
12 23 0.0160501 0.1116 0.0389576
12 24 0.0164942 0.124508 0.0296297
12 25 0.019444 0.140768 0.0410976
12 26 0.0203486 0.151683 0.0445671
12 27 0.0083099 0.153463 0.0837681
12 28 0.0156261 0.17047 0.0678095
12 29 0.0195709 0.177716 0.0604358
12 30 0.0181138 0.192381 0.0732861
12 31 0.021934 0.193909 0.0615252
12 32 0.025403 0.217015 0.0631292
12 33 0.0209917 0.225263 0.0790871
12 34 0.0224759 0.224101 0.0794943
12 35 0.0235783 0.234867 0.0729856
12 36 0.0236044 0.244597 0.0789988
12 37 0.026865 0.270215 0.0802763
12 38 -0.000964521 0.267836 0.159018
12 39 0.0237563 0.274411 0.0894153
12 40 0.02361 0.284293 0.0983652
12 41 0.0234126 0.293898 0.0982394
12 42 0.0265027 0.321675 0.0977084
12 43 0.0234486 0.316153 0.0997605
12 44 0.0239446 0.330878 0.1047
12 45 0.0231094 0.334284 0.109537
12 46 0.0237724 0.360434 0.116243
12 47 0.0252289 0.371613 0.112903
12 48 0.0220426 0.363682 0.11706
12 49 0.0219166 0.388887 0.127565
12 50 0.0204814 0.377767 0.123945
13 1 -0.0244989 -0.117345 -0.0296556
13 2 -0.0215935 -0.106384 -0.0306367
13 3 -0.0197729 -0.0980952 -0.0226509
13 4 -0.0172678 -0.0875762 -0.0264776
13 5 -0.0151857 -0.0788598 -0.0202277
13 6 -0.0129216 -0.067496 -0.0273099
13 7 -0.0119277 -0.0613587 -0.0155606
13 8 -0.00875722 -0.0484597 -0.0201695
13 9 -0.00689706 -0.0394733 -0.0137809
13 10 -0.00519022 -0.031083 -0.00981249
13 11 -0.0034359 -0.0183424 -0.0134777
13 12 -0.00164473 -0.0101122 -0.00332736
13 14 0.00112862 0.0103924 0.00418492
13 15 0.00353029 0.0199023 0.00671549
13 16 0.00587317 0.0324444 0.00749425
13 17 0.00619894 0.0413364 0.00864201
13 18 0.00840543 0.0517617 0.0129617
13 19 0.0092915 0.0627154 0.0187948
13 20 0.0101924 0.0728228 0.0145308
13 21 0.0113727 0.0834251 0.0163597
13 22 0.0133516 0.0909646 0.0341787
13 23 0.0144982 0.10093 0.0384156
13 24 -0.019926 -0.0203161 0.0238341
13 25 0.0162517 0.129309 0.0409666
13 26 0.0174708 0.14028 0.0436735
13 27 0.0204925 0.151794 0.0417798
13 28 0.0200247 0.162405 0.048855
13 29 0.0200039 0.172941 0.0542391
13 30 0.0237816 0.18502 0.0497417
13 31 0.0213474 0.194907 0.0611289
13 32 0.0219003 0.199368 0.0604065
13 33 0.0212623 0.205827 0.0650334
13 34 0.0218844 0.21612 0.0696119
13 35 0.0265727 0.239004 0.0651699
13 36 0.0170847 0.245454 0.0947003
13 37 0.0256085 0.259498 0.0756632
13 38 0.021862 0.254965 0.0787151
13 39 0.0221842 0.265841 0.0898628
13 40 0.0047548 0.280153 0.144666
13 41 0.0209111 0.2988 0.103168
13 42 0.022027 0.291656 0.130839
13 43 0.0221979 0.306659 0.098171
13 44 0.0219668 0.316415 0.100025
13 45 0.0248056 0.341393 0.10118
13 46 0.0215423 0.330675 0.137753
13 47 0.0229314 0.360167 0.111549
13 48 0.0198749 0.352754 0.112234
13 49 0.0198285 0.377953 0.126056
13 50 0.0226887 0.389806 0.116127
14 1 -0.0256386 -0.125968 -0.0337406
14 2 -0.0233735 -0.116666 -0.0327712
14 3 -0.0211817 -0.107147 -0.0309178
14 4 -0.0197422 -0.0994533 -0.0256588
14 5 -0.0171078 -0.0893167 -0.0212669
14 6 -0.0147946 -0.0790254 -0.0225703
14 7 -0.0128454 -0.0698681 -0.0172521
14 8 -0.0108456 -0.0602722 -0.0178297
14 9 -0.00890509 -0.0499663 -0.0139316
14 10 -0.00722295 -0.0401421 -0.0104859
14 11 -0.00510912 -0.0301684 -0.00976234
14 12 -0.00359051 -0.0193369 -0.00942814
14 13 -0.00162371 -0.00984682 -0.00470976
14 15 0.00175129 0.0103963 0.00297202
14 16 0.00322823 0.0205933 0.00604947
14 17 0.0047294 0.0306005 0.00885168
14 18 0.00615477 0.0407652 0.0120263
14 19 0.00820946 0.0515104 0.0102449
14 20 0.0090896 0.0619216 0.0185876
14 21 0.0100513 0.0715239 0.0224956
14 22 -0.0101945 -0.0155157 0.032591
14 23 0.013954 0.0991431 0.0299264
14 24 -0.0284485 -0.0153763 -0.00243425
14 25 0.0145416 0.118571 0.0380411
14 26 0.0170748 0.130507 0.0377758
14 27 0.0121258 0.138991 0.054835
14 28 0.0135995 0.144189 0.0622238
14 29 0.0189258 0.162633 0.0496147
14 30 0.0196466 0.173309 0.0525288
14 31 0.0180021 0.1832 0.0620975
14 32 0.0192887 0.185176 0.0605999
14 33 0.018868 0.193564 0.0688459
14 34 0.01991 0.204421 0.0670224
14 35 0.0199383 0.214464 0.0676729
14 36 0.020357 0.224121 0.0741191
14 37 0.0200773 0.234911 0.071393
14 38 0.0232055 0.259419 0.0782956
14 39 0.0259833 0.270515 0.0739855
14 40 0.0203535 0.264165 0.0859835
14 41 0.0201513 0.273569 0.0994274
14 42 0.0201314 0.283242 0.098957
14 43 0.0204468 0.291101 0.131475
14 44 0.0204726 0.306463 0.0975255
14 45 0.0208946 0.32945 0.106199
14 46 0.0193478 0.323544 0.105067
14 47 0.0190786 0.347969 0.11716
14 48 0.0187205 0.342028 0.113526
14 49 0.0213472 0.369138 0.111298
14 50 0.00877566 0.370679 0.161139
15 1 -0.0272591 -0.136517 -0.0358555
15 2 -0.0251606 -0.127408 -0.0331867
15 3 -0.0244334 -0.119673 -0.0278872
15 4 -0.0207865 -0.10846 -0.0285958
15 5 -0.018617 -0.0978876 -0.0301919
15 6 -0.0165361 -0.0887057 -0.0265646
15 7 -0.0098891 -0.0771514 -0.0460444
15 8 -0.0125169 -0.070008 -0.0190595
15 9 -0.0108188 -0.0609184 -0.0169991
15 10 -0.0088946 -0.0528827 -0.0152865
15 11 -0.0107027 -0.0438125 -0.00477191
15 12 -0.00574448 -0.0320104 -0.0081873
15 13 -0.00353029 -0.0199023 -0.00671549
15 14 -0.00185356 -0.0107813 -0.00280365
15 16 0.00328551 0.0114113 -0.000548967
15 17 0.00230494 0.0227106 -0.0041127
15 18 0.00421397 0.0306289 0.0113335
15 19 0.00589126 0.0408316 0.0127748
15 20 0.00726542 0.0510956 0.016022
15 21 0.0101221 0.0634152 0.0025758
15 22 0.00969206 0.0715015 0.0232897
15 23 -0.0083216 -0.0157742 0.036673
15 24 -0.00989928 -0.0167636 0.0418881
15 25 0.0145731 0.108556 0.0306229
15 26 0.0155932 0.119864 0.034096
15 27 0.0148216 0.129486 0.0421101
15 28 0.0172102 0.141439 0.0410003
15 29 0.0184632 0.152184 0.0429803
15 30 0.0126012 0.153704 0.0649577
15 31 0.0170908 0.164826 0.0534464
15 32 0.0179044 0.183594 0.0603467
15 33 0.0176998 0.18443 0.0576431
15 34 0.0184204 0.195096 0.065716
15 35 0.0184567 0.204263 0.0670446
15 36 0.0184452 0.214791 0.0661323
15 37 0.0186298 0.224328 0.0753274
15 38 0.0174069 0.236623 0.0561317
15 39 0.0192764 0.243849 0.0847959
15 40 0.0188677 0.253931 0.0841675
15 41 0.0191804 0.266742 0.0881872
15 42 0.0201101 0.288684 0.0927145
15 43 0.0219222 0.299853 0.0889793
15 44 0.0182419 0.293618 0.0980944
15 45 0.0205506 0.31926 0.0983162
15 46 0.0174766 0.312423 0.105212
15 47 0.0152149 0.335801 0.123217
15 48 0.0194762 0.348501 0.107501
15 49 0.0188756 0.358016 0.111182
15 50 0.0151991 0.365147 0.127032
16 1 -0.0290357 -0.147815 -0.0404978
16 2 -0.0271482 -0.138831 -0.0369598
16 3 -0.0267684 -0.130133 -0.027733
16 4 -0.022137 -0.118666 -0.0306393
16 5 -0.0201263 -0.108816 -0.0310123
16 6 -0.0180549 -0.0993425 -0.0271685
16 7 -0.015974 -0.0891863 -0.0266475
16 8 -0.013822 -0.0797382 -0.022865
16 9 -0.0121353 -0.0700452 -0.0205736
16 10 -0.0103072 -0.0602532 -0.0176145
16 11 -0.00863226 -0.04943 -0.019008
16 12 -0.00662374 -0.0401539 -0.0128459
16 13 -0.00581687 -0.0324982 -0.00780819
16 14 -0.0032471 -0.0203747 -0.0065994
16 15 -0.00262364 -0.011149 -0.000906373
16 17 0.00177662 0.0108908 0.00282962
16 18 0.00302306 0.0204748 0.00615205
16 19 0.00432328 0.0307004 0.00873205
16 20 0.00603473 0.0414824 0.00997493
16 21 0.00697265 0.0513196 0.0153861
16 22 0.00730724 0.0629203 0.0124884
16 23 0.00888079 0.0726272 0.0191456
16 24 -0.00934337 -0.0153094 0.0350684
16 25 0.0127833 0.0978223 0.0277911
16 26 0.013868 0.109007 0.0308941
16 27 0.0143164 0.119677 0.035407
16 28 0.0160324 0.130702 0.0368187
16 29 0.017776 0.14199 0.0377299
16 30 0.019209 0.153253 0.0389368
16 31 0.0195431 0.163964 0.0439007
16 32 0.0149089 0.172255 0.0608148
16 33 0.0175744 0.184174 0.0577149
16 34 0.0166722 0.184383 0.0606866
16 35 0.0156555 0.196411 0.0424116
16 36 0.0168418 0.204675 0.062481
16 37 0.0169596 0.214672 0.0662097
16 38 0.0175134 0.224352 0.0745426
16 39 0.0219987 0.248799 0.0699738
16 40 0.0201806 0.258306 0.0780248
16 41 0.0205814 0.2688 0.0798665
16 42 0.0168448 0.262858 0.0979303
16 43 0.0209724 0.289531 0.0841864
16 44 0.0202074 0.299107 0.088898
16 45 0.0196858 0.308931 0.0930816
16 46 0.0190545 0.318712 0.0969348
16 47 0.0159148 0.312618 0.102973
16 48 0.0171432 0.33716 0.107848
16 49 0.0171688 0.347159 0.108874
16 50 0.0153578 0.355528 0.117264
17 1 -0.0297694 -0.155179 -0.0504033
17 2 -0.0338243 -0.151953 -0.0294067
17 3 -0.0260382 -0.138181 -0.0359659
17 4 -0.0224811 -0.131779 -0.0401261
17 5 -0.0217632 -0.117785 -0.0384159
17 6 -0.0194633 -0.110039 -0.0281823
17 7 -0.0177963 -0.0978409 -0.0370816
17 8 -0.0154448 -0.0907207 -0.0227705
17 9 -0.0146845 -0.0748544 -0.0471639
17 10 -0.0113694 -0.0698132 -0.0224811
17 11 -0.00987384 -0.0605129 -0.0179934
17 12 -0.00905374 -0.0537554 -0.0144853
17 13 -0.0064908 -0.0407861 -0.0112189
17 14 -0.0012829 -0.0272037 -0.036993
17 15 -0.00389198 -0.0181935 -0.0154601
17 16 -0.00119538 -0.0109641 0.000725494
17 18 0.00145496 0.0107704 0.000871461
17 19 0.00281675 0.0204688 0.00599713
17 20 0.00389141 0.0318754 0.00439992
17 21 0.00548714 0.0404366 0.0152633
17 22 0.00780146 0.0529577 0.00950703
17 23 -0.00819216 -0.011373 0.0238122
17 24 -0.0152093 -0.0120068 0.00917008
17 25 0.0115582 0.087356 0.0239738
17 26 0.0122813 0.0983388 0.0279303
17 27 0.0132099 0.109216 0.0313422
17 28 0.0136742 0.119752 0.0356241
17 29 0.0144285 0.130578 0.0391841
17 30 0.0166232 0.142162 0.0385463
17 31 0.0167389 0.152631 0.0434234
17 32 0.0144766 0.153578 0.0512789
17 33 0.0147731 0.164025 0.054404
17 34 0.0186368 0.185428 0.0523345
17 35 0.0153708 0.183971 0.0617582
17 36 0.0223597 0.208164 0.0504298
17 37 0.0157929 0.204027 0.0680078
17 38 0.0160687 0.214004 0.0725364
17 39 0.0159254 0.235429 0.0804748
17 40 0.0160536 0.235726 0.0771638
17 41 0.0161483 0.256585 0.0861698
17 42 0.0215981 0.269764 0.0709517
17 43 0.0188989 0.278309 0.0827503
17 44 0.0158473 0.276894 0.0900209
17 45 0.0180646 0.298087 0.0902712
17 46 0.0156822 0.29852 0.0948877
17 47 0.014295 0.315766 0.1086
17 48 0.015827 0.326561 0.103918
17 49 0.0143263 0.33534 0.111186
17 50 0.0173008 0.34737 0.100086
18 1 -0.0313677 -0.168509 -0.0486591
18 2 -0.0296002 -0.157757 -0.0422485
18 3 -0.0278042 -0.148666 -0.0385344
18 4 -0.0252956 -0.139062 -0.0387401
18 5 -0.0230864 -0.129262 -0.0367604
18 6 -0.0210378 -0.119624 -0.0347471
18 7 -0.0188447 -0.110779 -0.0285634
18 8 -0.0168188 -0.100149 -0.0296387
18 9 -0.0151079 -0.0907021 -0.0260629
18 10 -0.0132692 -0.0807857 -0.0232365
18 11 -0.01159 -0.0710227 -0.0198402
18 12 -0.00943433 -0.0604374 -0.0198144
18 13 -0.00769416 -0.0507209 -0.0163722
18 14 -0.00578311 -0.0409982 -0.0151811
18 15 -0.00469878 -0.0308244 -0.00823082
18 16 -0.00231412 -0.0211222 -0.00839049
18 17 -0.00130333 -0.0103305 -0.00462175
18 19 0.00104146 0.0105492 0.0042779
18 20 0.00382048 0.0180818 0.0196863
18 21 0.00314609 0.0327615 0.000100004
18 22 0.00502276 0.0416989 0.010156
18 23 0.000958665 0.0519846 0.0274455
18 24 0.00869142 0.0636203 0.0164099
18 25 0.00840855 0.0736306 0.0230557
18 26 0.0107161 0.0874534 0.0245109
18 27 0.0106812 0.0978702 0.0307057
18 28 0.0123559 0.109157 0.0316563
18 29 0.0125372 0.118954 0.0361823
18 30 0.0129544 0.13036 0.0409679
18 31 0.0146712 0.142094 0.0417363
18 32 0.0128876 0.143645 0.0506372
18 33 0.0136065 0.155279 0.0492585
18 34 0.0147726 0.164755 0.0402135
18 35 0.0155633 0.184246 0.0577234
18 36 0.0166099 0.195286 0.0589742
18 37 0.0193969 0.206828 0.0549707
18 38 0.0173881 0.216323 0.0643155
18 39 0.0145664 0.225268 0.0744113
18 40 0.0150673 0.227758 0.0737199
18 41 0.0172601 0.247124 0.0741872
18 42 0.0154632 0.253961 0.0833339
18 43 0.017723 0.267771 0.0783174
18 44 0.0139951 0.265167 0.0880436
18 45 0.0112103 0.283871 0.107196
18 46 0.0142811 0.288035 0.0915841
18 47 0.0151333 0.30709 0.095945
18 48 0.0141628 0.315587 0.101538
18 49 0.0143707 0.325932 0.101887
18 50 0.0130999 0.334372 0.107706
19 1 -0.032819 -0.178986 -0.0507555
19 2 -0.0307675 -0.168144 -0.0462547
19 3 -0.0302092 -0.161192 -0.0403077
19 4 -0.0266119 -0.149394 -0.0418125
19 5 -0.0244089 -0.139623 -0.0394059
19 6 -0.0253746 -0.132306 -0.0179114
19 7 -0.0203771 -0.120411 -0.034668
19 8 -0.0187338 -0.110102 -0.0299267
19 9 -0.0163767 -0.100965 -0.0297219
19 10 -0.0148182 -0.0913907 -0.0251516
19 11 -0.0124526 -0.0803061 -0.0251208
19 12 -0.0123255 -0.0753031 -0.0204219
19 13 -0.00933697 -0.0618759 -0.0185417
19 14 -0.00759767 -0.051695 -0.0157773
19 15 -0.00589126 -0.0408316 -0.0127748
19 16 -0.00426751 -0.0307211 -0.00968106
19 17 -0.00281675 -0.0204688 -0.00599713
19 18 -0.00166641 -0.00943787 -0.00689365
19 20 0.00150185 0.0102786 0.00339865
19 21 0.00225653 0.0214468 0.00203613
19 22 0.00248261 0.033436 -0.00319642
19 23 0.00457932 0.0421105 0.00912558
19 24 0.00478324 0.0536094 0.0065637
19 25 0.0076913 0.065494 0.019566
19 26 0.00912983 0.0766715 0.0214709
19 27 0.0078426 0.0859763 0.0316568
19 28 0.0107729 0.0982108 0.0285226
19 29 0.010543 0.108955 0.035164
19 30 0.00913992 0.118561 0.0432649
19 31 0.0128329 0.130773 0.039144
19 32 0.0125451 0.140823 0.0451514
19 33 0.0111043 0.151003 0.0527711
19 34 0.0154429 0.163645 0.046091
19 35 0.0127017 0.164828 0.0433466
19 36 0.0128475 0.173885 0.0586024
19 37 0.0135532 0.185807 0.0606051
19 38 0.0131592 0.195573 0.0633235
19 39 0.013312 0.20545 0.0669722
19 40 0.0133729 0.21483 0.073633
19 41 0.0132685 0.225249 0.0738687
19 42 0.0134468 0.235584 0.0770715
19 43 0.0155491 0.256533 0.0776277
19 44 0.0153489 0.26694 0.0807791
19 45 0.0149864 0.276401 0.0826738
19 46 0.0122994 0.273757 0.0911755
19 47 0.0138724 0.295596 0.091515
19 48 0.0125246 0.304502 0.099159
19 49 0.0108607 0.301125 0.0996842
19 50 0.0130382 0.325018 0.0989715
20 1 -0.034354 -0.187733 -0.0517453
20 2 -0.0318918 -0.177972 -0.0515305
20 3 -0.0298541 -0.168856 -0.0486501
20 4 -0.0278898 -0.159383 -0.0452624
20 5 -0.0256818 -0.149921 -0.0421889
20 6 -0.0232584 -0.141183 -0.0355262
20 7 -0.0218303 -0.129536 -0.0443955
20 8 -0.0196825 -0.120793 -0.036176
20 9 -0.0176465 -0.111412 -0.0316725
20 10 -0.0156071 -0.102837 -0.0231748
20 11 -0.0139984 -0.0912657 -0.0275259
20 12 -0.0123762 -0.0805806 -0.0288938
20 13 -0.0108602 -0.0713544 -0.022204
20 14 -0.00899318 -0.0618635 -0.0187012
20 15 -0.00696962 -0.0508426 -0.016866
20 16 -0.00548318 -0.0409453 -0.0136138
20 17 -0.00394078 -0.0312296 -0.00711004
20 18 -0.00335595 -0.0196107 -0.0108694
20 19 -0.00127964 -0.0105486 -0.00202491
20 21 0.00102783 0.0108122 0.00148852
20 22 0.00113504 0.0231543 -0.006044
20 23 -0.000501343 0.0313638 0.017833
20 24 -0.000530868 0.0420263 0.0233138
20 25 -0.0013998 0.052193 0.0304151
20 26 0.00665448 0.0622494 0.0195979
20 27 0.00171181 0.0715675 0.0444089
20 28 0.00752059 0.080914 0.0422969
20 29 0.00780946 0.0946505 0.0348834
20 30 0.0094876 0.103655 0.034195
20 31 0.00998429 0.114215 0.03575
20 32 0.0128868 0.121788 0.0530226
20 33 0.0109434 0.134601 0.0432318
20 34 0.0114583 0.14458 0.0478946
20 35 0.0110547 0.155463 0.0476981
20 36 0.0111651 0.165833 0.050811
20 37 0.0118384 0.174963 0.057886
20 38 0.00858154 0.188766 0.0429107
20 39 0.0117939 0.195329 0.0629852
20 40 0.0119964 0.204986 0.0669997
20 41 0.0118935 0.214978 0.0702371
20 42 0.0127872 0.220764 0.102407
20 43 0.0119512 0.232447 0.0904729
20 44 0.0115381 0.243288 0.0837811
20 45 0.0117004 0.252755 0.0844492
20 46 0.0109057 0.262286 0.0893853
20 47 0.0100861 0.270689 0.0903853
20 48 0.00496862 0.277626 0.131335
20 49 0.00963906 0.291039 0.0966725
20 50 0.00558755 0.296263 0.125778
21 1 -0.0354893 -0.198094 -0.0559038
21 2 -0.030942 -0.189747 -0.0610068
21 3 -0.0274746 -0.177072 -0.0735126
21 4 -0.0291731 -0.168951 -0.0530485
21 5 -0.0270258 -0.16001 -0.0466741
21 6 -0.0249616 -0.150599 -0.0447399
21 7 -0.0230269 -0.140678 -0.0423371
21 8 -0.0200958 -0.130087 -0.0431899
21 9 -0.0191469 -0.121138 -0.037219
21 10 -0.0171703 -0.11179 -0.0332045
21 11 -0.015265 -0.101199 -0.032018
21 12 -0.0136173 -0.0911226 -0.0268694
21 13 -0.0124772 -0.079694 -0.0358926
21 14 -0.0100444 -0.0724481 -0.0232531
21 15 -0.0101221 -0.0634152 -0.0025758
21 16 -0.00731986 -0.0517424 -0.0124351
21 17 -0.00418057 -0.0438745 0.0019969
21 18 -0.00442926 -0.030141 -0.0136997
21 19 -0.00225653 -0.0214468 -0.00203613
21 20 -0.00129496 -0.0103976 -0.00358651
21 22 0.00118292 0.0104089 0.00389484
21 23 0.00522743 0.0220688 0.00105192
21 24 -0.000637896 0.0314616 0.0177027
21 25 0.00175884 0.0424176 0.01901
21 26 0.00484608 0.0523227 0.0194836
21 27 -0.00017341 0.0627222 0.0342107
21 28 0.00337902 0.0714499 0.0439426
21 29 0.00799919 0.0848929 0.0266673
21 30 0.00802654 0.0925381 0.0301778
21 31 0.00871491 0.103812 0.0326673
21 32 0.00767337 0.115693 0.0289311
21 33 0.00951698 0.123039 0.0455432
21 34 0.0152255 0.128241 0.0733287
21 35 0.0101888 0.143095 0.053076
21 36 0.0105276 0.1531 0.0500919
21 37 0.0095721 0.166076 0.0480935
21 38 0.0106022 0.174491 0.0587705
21 39 0.0108566 0.184036 0.0638773
21 40 0.0105785 0.19402 0.0669096
21 41 0.0109874 0.204437 0.0681864
21 42 0.0104698 0.214463 0.069866
21 43 0.0105095 0.223921 0.0755368
21 44 0.0102837 0.233277 0.0789335
21 45 0.0100347 0.243007 0.0812176
21 46 0.0097259 0.251679 0.0857837
21 47 0.00902949 0.262002 0.0868811
21 48 0.00888198 0.270879 0.0914346
21 49 0.0105341 0.275587 0.124258
21 50 0.00795679 0.289546 0.0965706
22 1 -0.0366726 -0.208597 -0.0557326
22 2 -0.0343472 -0.19965 -0.0512958
22 3 -0.0325725 -0.189398 -0.0531405
22 4 -0.0303239 -0.179553 -0.0537613
22 5 -0.0281648 -0.170147 -0.0510167
22 6 -0.0261445 -0.161416 -0.0467738
22 7 -0.0241704 -0.150994 -0.0454875
22 8 -0.0224657 -0.141103 -0.0443252
22 9 -0.0204861 -0.131044 -0.0431113
22 10 -0.0179782 -0.123416 -0.0292643
22 11 -0.0168392 -0.110396 -0.0413752
22 12 -0.0147365 -0.101648 -0.0327646
22 13 -0.0133516 -0.0909646 -0.0341787
22 14 -0.00985261 -0.0822718 -0.0354739
22 15 -0.00596568 -0.0703376 -0.0445682
22 16 -0.00800101 -0.0609951 -0.0226779
22 17 -0.00686451 -0.0505994 -0.0202767
22 18 -0.0049217 -0.0420159 -0.00917459
22 19 0.00175241 0.00617997 -0.0158907
22 20 -0.0037903 -0.0178573 -0.0198504
22 21 -0.00124336 -0.0105002 -0.00366015
22 23 0.0013585 0.00973967 0.00594748
22 24 0.0032421 0.0191233 0.014575
22 25 0.00297865 0.0322886 0.0107553
22 26 -0.000171826 0.042115 0.0219981
22 27 0.00017916 0.0525769 0.0268007
22 28 0.00192285 0.0635357 0.0281939
22 29 0.00737618 0.07472 0.021814
22 30 -0.00342251 0.0831633 0.0491729
22 31 0.00755859 0.0928001 0.0315755
22 32 0.00742558 0.104248 0.0306815
22 33 0.010423 0.118563 0.0346854
22 34 0.00952415 0.123336 0.0440892
22 35 -0.00398402 0.134618 0.0770661
22 36 0.00967485 0.144052 0.0487413
22 37 0.0114171 0.152418 0.061306
22 38 0.00922378 0.16502 0.0523825
22 39 0.00974594 0.173878 0.0591689
22 40 0.0083886 0.185276 0.0559743
22 41 0.0097725 0.194007 0.0649553
22 42 -0.0132353 0.203157 0.125892
22 43 0.00940578 0.213418 0.0719932
22 44 0.00917465 0.222924 0.0758729
22 45 0.00884817 0.232217 0.0783547
22 46 0.00849668 0.24127 0.0826593
22 47 0.00788677 0.25082 0.0846668
22 48 0.00732412 0.258894 0.0897078
22 49 0.00726488 0.269011 0.0920449
22 50 0.00689758 0.278861 0.095198
23 1 -0.037753 -0.218191 -0.0625395
23 2 -0.0357458 -0.209238 -0.0572181
23 3 -0.0337492 -0.199642 -0.0569786
23 4 -0.0312449 -0.189591 -0.0595636
23 5 -0.0292458 -0.180833 -0.0532384
23 6 -0.0272073 -0.171251 -0.0508817
23 7 -0.0256657 -0.160023 -0.056917
23 8 -0.0232192 -0.151709 -0.0462253
23 9 -0.0210602 -0.142798 -0.039285
23 10 -0.0193627 -0.132629 -0.0377777
23 11 -0.0174878 -0.122947 -0.0350909
23 12 -0.0160501 -0.1116 -0.0389576
23 13 -0.0144982 -0.10093 -0.0384156
23 14 0.0140132 0.017184 -0.0255809
23 15 0.00576732 0.0173483 -0.038548
23 16 -0.00925426 -0.0716711 -0.0231907
23 17 0.00804163 0.0118613 -0.0208823
23 18 -0.0065605 -0.0508785 -0.0196517
23 19 -0.00513697 -0.0408171 -0.0129082
23 20 -0.00379887 -0.0307981 -0.0108868
23 21 -0.00232359 -0.020781 -0.00625669
23 22 -0.0013585 -0.00973967 -0.00594748
23 24 0.000597893 0.0107631 0.00125669
23 25 0.0010015 0.0212333 0.00909739
23 26 0.00131696 0.0321208 0.0135077
23 27 0.000708299 0.0423447 0.0201164
23 28 -0.00172344 0.0522209 0.0302408
23 29 0.00583807 0.0607617 0.0295529
23 30 0.00566512 0.0738422 0.0250281
23 31 -0.00116762 0.0832995 0.0460442
23 32 0.00613433 0.0939874 0.0265617
23 33 0.00896231 0.101748 0.0414
23 34 0.00809205 0.112902 0.0413705
23 35 0.007529 0.126117 0.0432545
23 36 0.00746038 0.135558 0.0469798
23 37 -0.00697434 0.143505 0.0879188
23 38 0.00843026 0.153793 0.0529591
23 39 0.00900308 0.166548 0.0549548
23 40 0.00832847 0.173404 0.0599156
23 41 0.00703128 0.183177 0.0664706
23 42 0.00864024 0.193297 0.0651865
23 43 0.00808279 0.202813 0.0696838
23 44 -0.0148596 0.211834 0.132174
23 45 0.00749059 0.220701 0.0768275
23 46 0.0075219 0.23085 0.0792778
23 47 -0.0174348 0.23978 0.148966
23 48 0.0065544 0.248466 0.0860087
23 49 0.0050426 0.257402 0.0951207
23 50 0.00858971 0.266419 0.101062
24 1 -0.0389139 -0.228738 -0.0677697
24 2 -0.0367571 -0.220145 -0.0634022
24 3 -0.0345864 -0.210667 -0.0600392
24 4 -0.0344514 -0.201215 -0.0536343
24 5 -0.0303156 -0.191553 -0.0568616
24 6 -0.0282518 -0.1822 -0.0546089
24 7 -0.0260095 -0.174157 -0.0424103
24 8 -0.0240797 -0.1643 -0.0398724
24 9 -0.0236109 -0.150325 -0.0582165
24 10 -0.0210953 -0.138358 -0.0623444
24 11 -0.0197328 -0.128041 -0.0695275
24 12 -0.0170129 -0.122142 -0.040828
24 13 0.0193287 0.0208422 -0.0270054
24 14 0.00412029 0.0223708 -0.0543643
24 15 0.0134376 0.0165926 -0.0343225
24 16 -0.00944305 -0.0836996 -0.018784
24 17 0.0095686 0.0128976 -0.028406
24 18 -0.00600121 -0.0626042 -0.0230216
24 19 -0.00478324 -0.0536094 -0.0065637
24 20 0.00696367 -0.0417131 -0.0356237
24 21 0.000637896 -0.0314616 -0.0177027
24 22 0.00156955 -0.0207147 -0.013787
24 23 -0.0012601 -0.0100514 -0.00428455
24 25 0.000515645 0.0106196 0.00444384
24 26 0.00268513 0.0221075 0.00564668
24 27 0.00175777 0.0323404 0.0126533
24 28 -0.000894436 0.0420483 0.0229741
24 29 0.000808227 0.0532959 0.0246648
24 30 0.00078734 0.0638914 0.0297889
24 31 0.00585694 0.0742487 0.0229394
24 32 -0.00428637 0.083052 0.0501779
24 33 0.00549449 0.0942977 0.0249533
24 34 -0.00610872 0.103618 0.0627948
24 35 -0.00050729 0.116006 0.0556897
24 36 0.00682791 0.125983 0.042571
24 37 0.00793003 0.133298 0.0469792
24 38 0.00408854 0.14408 0.059165
24 39 -0.00991812 0.153162 0.0953892
24 40 -0.00702522 0.165237 0.0909702
24 41 0.0064823 0.180702 0.0633043
24 42 -0.0120128 0.182451 0.112756
24 43 0.00721104 0.193065 0.0648232
24 44 0.00618035 0.205791 0.0712958
24 45 0.00651033 0.210859 0.07189
24 46 0.00585972 0.219888 0.0775754
24 47 0.0061473 0.230766 0.0776843
24 48 0.00661332 0.239294 0.0848059
24 49 0.00453166 0.246955 0.0887832
24 50 0.00416943 0.258984 0.0889698
25 1 -0.0397106 -0.239126 -0.0689962
25 2 -0.0375241 -0.229904 -0.0669112
25 3 -0.0349401 -0.220611 -0.066
25 4 -0.0341799 -0.206986 -0.0845732
25 5 -0.0315573 -0.200801 -0.0644825
25 6 -0.0292633 -0.192022 -0.0574946
25 7 -0.0274186 -0.181586 -0.05898
25 8 -0.0285939 -0.17702 -0.0443096
25 9 -0.0230156 -0.164048 -0.0437151
25 10 -0.00397629 -0.151194 -0.0971966
25 11 -0.0207729 -0.146256 -0.041674
25 12 -0.0175004 -0.139859 -0.0458823
25 13 -0.0158199 -0.129333 -0.0419645
25 14 -0.0143812 -0.118736 -0.0381613
25 15 -0.0136807 -0.107952 -0.0325115
25 16 -0.0128109 -0.0978158 -0.0278667
25 17 -0.011318 -0.0845589 -0.0218262
25 18 -0.00756851 -0.075679 -0.0261793
25 19 -0.00748751 -0.0653864 -0.0201034
25 20 -0.00164415 -0.0580584 0.0156191
25 21 -0.00175884 -0.0424176 -0.01901
25 22 -0.00369483 -0.0325392 -0.00944689
25 23 -0.0010015 -0.0212333 -0.00909739
25 24 -0.000958339 -0.0105162 -0.00353195
25 26 2.89537e-05 0.0103493 0.00612719
25 27 0.00176449 0.0218255 0.0072205
25 28 0.00204076 0.0323306 0.0126486
25 29 0.00324032 0.0434035 0.0148121
25 30 0.0040145 0.052864 0.0168834
25 31 0.00496639 0.0653018 0.0203424
25 32 0.00520791 0.0755119 0.0251509
25 33 0.00501769 0.08415 0.0299878
25 34 0.00577347 0.0938683 0.0315018
25 35 0.00720739 0.108324 0.0328476
25 36 0.00728312 0.118654 0.0369818
25 37 0.00722133 0.128969 0.0416963
25 38 0.00781454 0.139917 0.0436656
25 39 0.00794919 0.150251 0.0463513
25 40 0.00700688 0.160013 0.0524023
25 41 0.0073283 0.170314 0.0551067
25 42 0.00734177 0.180571 0.058366
25 43 0.00306999 0.189554 0.0710812
25 44 0.00649999 0.200401 0.065813
25 45 0.00704037 0.210823 0.06696
25 46 0.00264363 0.208199 0.0945748
25 47 0.00621203 0.230228 0.0739957
25 48 0.00560862 0.239676 0.0774089
25 49 0.0053501 0.249373 0.0800706
25 50 0.00492226 0.258727 0.082326
26 1 -0.0348742 -0.249324 -0.0881112
26 2 -0.0278798 -0.239616 -0.100217
26 3 -0.026512 -0.230228 -0.0962077
26 4 -0.0350202 -0.221625 -0.0629998
26 5 -0.039444 -0.218843 -0.045422
26 6 -0.0329817 -0.217336 -0.0655412
26 7 -0.0158566 -0.194401 -0.0919821
26 8 -0.0215584 -0.190839 -0.0713827
26 9 -0.0253988 -0.176655 -0.0503351
26 10 -0.0234467 -0.172131 -0.0516475
26 11 -0.0193159 -0.160936 -0.0541119
26 12 -0.0208434 -0.151811 -0.0435149
26 13 -0.0186095 -0.140943 -0.0414348
26 14 -0.0165066 -0.129886 -0.0390792
26 15 -0.0155932 -0.119864 -0.034096
26 16 -0.0127015 -0.10819 -0.0336205
26 17 -0.0122813 -0.0983388 -0.0279303
26 18 -0.0107161 -0.0874534 -0.0245109
26 19 -0.00901934 -0.0759154 -0.0222298
26 20 -0.00686298 -0.0623427 -0.018292
26 21 -0.00533767 -0.0525365 -0.0167589
26 22 -0.000262812 -0.0422208 -0.0212715
26 23 -0.000107075 -0.0316338 -0.0159445
26 24 -0.000295415 -0.0213529 -0.0104291
26 25 -2.89537e-05 -0.0103493 -0.00612719
26 27 0.000901924 0.0108968 0.0033773
26 28 0.00157293 0.0216867 0.00760714
26 29 0.00233892 0.0326313 0.0110576
26 30 0.0029057 0.0432157 0.0147059
26 31 0.0034828 0.0540529 0.0187058
26 32 0.00413428 0.0648834 0.022079
26 33 0.00499766 0.0758301 0.024237
26 34 0.00367264 0.0857142 0.0326229
26 35 0.00552214 0.0967866 0.0316424
26 36 0.00673411 0.108259 0.0325914
26 37 0.00629331 0.118047 0.0380391
26 38 0.00651343 0.128882 0.0409431
26 39 0.00644068 0.139115 0.0445239
26 40 0.00710243 0.149727 0.0464204
26 41 0.00561454 0.158772 0.0541558
26 42 0.0065261 0.169634 0.0544762
26 43 0.00741073 0.180552 0.0538
26 44 0.00511299 0.189166 0.0635954
26 45 0.00500898 0.199359 0.0665965
26 46 0.00487818 0.209332 0.0693862
26 47 0.00529962 0.219358 0.0705718
26 48 0.00530005 0.229393 0.0716896
26 49 0.00486785 0.238451 0.0750298
26 50 0.00450951 0.248473 0.0768678
27 1 -0.0264106 -0.258822 -0.117579
27 2 -0.00168443 -0.247219 -0.172179
27 3 -0.0342909 -0.241615 -0.078341
27 4 -0.0317914 -0.232077 -0.0769329
27 5 -0.0246837 -0.222229 -0.0875962
27 6 -0.031062 -0.215457 -0.0642483
27 7 -0.030953 -0.207456 -0.0572118
27 8 -0.0282155 -0.197649 -0.0570168
27 9 -0.00398163 -0.180926 -0.118626
27 10 -0.0166017 -0.175696 -0.0741083
27 11 -0.0137769 -0.169677 -0.0717121
27 12 -0.00956492 -0.153788 -0.0807295
27 13 -0.0209183 -0.152076 -0.0407276
27 14 -0.0186423 -0.141719 -0.0393569
27 15 -0.0166255 -0.130764 -0.0368638
27 16 -0.0143164 -0.119677 -0.035407
27 17 -0.0117897 -0.108678 -0.0343552
27 18 -0.0108864 -0.0979942 -0.0298138
27 19 -0.00969574 -0.087316 -0.026212
27 20 -0.00171181 -0.0715675 -0.0444089
27 21 -0.00502679 -0.0640011 -0.0258749
27 22 -0.00017916 -0.0525769 -0.0268007
27 23 -0.000524096 -0.0422459 -0.0206349
27 24 -0.00325378 -0.0328646 -0.00970626
27 25 -0.00162925 -0.021833 -0.00754124
27 26 -0.000901924 -0.0108968 -0.0033773
27 28 0.00249868 0.0122058 -0.00288234
27 29 0.00196185 0.0219773 0.00558041
27 30 0.00192677 0.0325588 0.0111008
27 31 0.00248495 0.0428545 0.0157668
27 32 0.00340656 0.0542115 0.0176238
27 33 0.00450071 0.0652573 0.0183654
27 34 0.00307988 0.0729943 0.0285912
27 35 0.00453225 0.0860734 0.0283083
27 36 0.00626322 0.097639 0.0276343
27 37 0.00365557 0.103738 0.0404843
27 38 0.00567753 0.117888 0.0370878
27 39 0.00538025 0.127803 0.0414576
27 40 0.00572255 0.138693 0.0441115
27 41 0.00558882 0.148507 0.0478881
27 42 0.00541892 0.158575 0.0512078
27 43 0.00510878 0.168733 0.0551668
27 44 0.00464862 0.178867 0.0592458
27 45 0.00492943 0.188567 0.060953
27 46 0.00449474 0.198318 0.0647619
27 47 0.00369163 0.207849 0.0697435
27 48 0.00384848 0.217896 0.0705085
27 49 0.0032761 0.227527 0.0740439
27 50 0.00365331 0.23705 0.0732517
28 1 -0.0425493 -0.272719 -0.0786744
28 2 -0.0381643 -0.261489 -0.0814004
28 3 -0.0308963 -0.245946 -0.129735
28 4 -0.0357776 -0.242362 -0.0717476
28 5 -0.0100296 -0.231841 -0.136231
28 6 -0.033113 -0.227964 -0.0648281
28 7 -0.00894625 -0.212314 -0.125024
28 8 -0.0288362 -0.207936 -0.0604098
28 9 -0.0225677 -0.190239 -0.0933762
28 10 -0.0255313 -0.187786 -0.0534484
28 11 -0.023454 -0.183463 -0.0554405
28 12 -0.0244595 -0.173997 -0.0450761
28 13 -0.0202025 -0.162601 -0.0485009
28 14 -0.01785 -0.151588 -0.0468186
28 15 -0.0163385 -0.140846 -0.0433028
28 16 -0.0152335 -0.130605 -0.03885
28 17 -0.014231 -0.12005 -0.0339533
28 18 -0.0123559 -0.109157 -0.0316563
28 19 -0.00904673 -0.0972324 -0.0340353
28 20 -0.00761925 -0.0814908 -0.0375736
28 21 -0.00676784 -0.0746888 -0.0269181
28 22 -0.000964859 -0.0633373 -0.0305817
28 23 -0.00563643 -0.0535741 -0.0153417
28 24 -0.00212672 -0.0429597 -0.0171031
28 25 -0.00244893 -0.0317475 -0.0108256
28 26 -0.00157293 -0.0216867 -0.00760714
28 27 -0.00249868 -0.0122058 0.00288234
28 29 0.00138647 0.0112093 0.00153546
28 30 0.00158384 0.0218183 0.00662279
28 31 0.00193956 0.0312769 0.0104893
28 32 0.00231101 0.0418354 0.0147269
28 33 0.00289201 0.0537033 0.0187331
28 34 0.00312629 0.062474 0.0219215
28 35 0.00349098 0.0748432 0.0262041
28 36 0.00494171 0.0865818 0.0251365
28 37 0.00460326 0.0967926 0.0306729
28 38 0.00476098 0.106861 0.034174
28 39 0.00436034 0.116765 0.0398522
28 40 0.00522473 0.128098 0.039823
28 41 0.00520559 0.138128 0.0433695
28 42 0.00403499 0.146705 0.05142
28 43 0.00515794 0.158869 0.0489909
28 44 0.00413214 0.167813 0.0547164
28 45 0.00438752 0.178127 0.0557107
28 46 0.00312826 0.181752 0.0607197
28 47 0.00331024 0.197154 0.0641649
28 48 0.00301336 0.206765 0.0669228
28 49 0.00251387 0.216305 0.0704071
28 50 0.00258428 0.226658 0.0709103
29 1 -0.0434476 -0.280501 -0.07999
29 2 -0.0404813 -0.271362 -0.0802308
29 3 -0.0383229 -0.26229 -0.0776219
29 4 -0.0314823 -0.24841 -0.116928
29 5 -0.0299948 -0.239195 -0.111179
29 6 -0.0304109 -0.232136 -0.0863033
29 7 -0.0261454 -0.227677 -0.0818746
29 8 -0.03095 -0.217325 -0.0368234
29 9 -0.0302184 -0.209577 -0.053691
29 10 -0.0244846 -0.198163 -0.0618636
29 11 -0.0211602 -0.19319 -0.0664446
29 12 -0.0194873 -0.182658 -0.0637403
29 13 -0.0200039 -0.172941 -0.0542391
29 14 -0.00447646 -0.156822 -0.0833057
29 15 -0.0167612 -0.151749 -0.0474631
29 16 -0.0158776 -0.141152 -0.0425276
29 17 -0.0145847 -0.130676 -0.0386765
29 18 -0.0121156 -0.119445 -0.0380484
29 19 -0.0103592 -0.108675 -0.0358625
29 20 -0.000293701 -0.0911884 -0.0618566
29 21 -0.00818388 -0.0860835 -0.0285508
29 22 -0.00666429 -0.0744133 -0.0230978
29 23 -0.00602289 -0.0633658 -0.0189299
29 24 -0.000359157 -0.053109 -0.0255805
29 25 -0.00324032 -0.0434035 -0.0148121
29 26 -0.00266864 -0.0319783 -0.00918192
29 27 -0.00196185 -0.0219773 -0.00558041
29 28 -0.00138647 -0.0112093 -0.00153546
29 30 0.00113181 0.0108013 0.00215011
29 31 0.00113693 0.0214347 0.00767736
29 32 0.00161865 0.0323019 0.0113776
29 33 -0.00250635 0.0413675 0.0240447
29 34 0.00083358 0.0531876 0.0213045
29 35 0.00227365 0.0637185 0.0244586
29 36 0.00388363 0.075567 0.0227528
29 37 0.0036993 0.085299 0.0277524
29 38 0.0040137 0.096353 0.0307678
29 39 0.00342343 0.105673 0.0356454
29 40 0.00348061 0.112429 0.038346
29 41 0.00398808 0.12715 0.040867
29 42 0.00450137 0.137597 0.0411864
29 43 0.00411578 0.14762 0.0462838
29 44 0.00329361 0.156867 0.0513661
29 45 0.00345448 0.166853 0.0533932
29 46 0.00293154 0.176532 0.0578126
29 47 0.00297045 0.186869 0.0585549
29 48 0.00380938 0.197121 0.057928
29 49 0.000948375 0.204523 0.0721665
29 50 0.00126321 0.214712 0.0700571
30 1 -0.0436994 -0.290986 -0.0844976
30 2 -0.0416527 -0.281847 -0.0816082
30 3 -0.0390324 -0.272181 -0.0811906
30 4 -0.037307 -0.262968 -0.077562
30 5 -0.0348728 -0.253679 -0.0764632
30 6 -0.0324984 -0.241896 -0.073794
30 7 -0.0305401 -0.232384 -0.0721525
30 8 -0.0285665 -0.222573 -0.0691994
30 9 -0.0304346 -0.219843 -0.0580902
30 10 -0.0260712 -0.208972 -0.0616461
30 11 -0.0218877 -0.204074 -0.0698224
30 12 -0.0235925 -0.195206 -0.058139
30 13 -0.0216324 -0.184293 -0.0554434
30 14 -0.0196562 -0.173328 -0.0526205
30 15 -0.00481279 -0.157373 -0.0820615
30 16 -0.0164286 -0.15214 -0.0461668
30 17 -0.0133843 -0.133354 -0.0433041
30 18 -0.0136155 -0.130765 -0.0387685
30 19 -0.012696 -0.120632 -0.0347847
30 20 -0.00878857 -0.0997122 -0.0632558
30 21 -0.00675195 -0.0949457 -0.0342589
30 22 0.00747363 -0.0823988 -0.0579675
30 23 0.0101799 0.0118757 -0.0261958
30 24 -0.00078734 -0.0638914 -0.0297889
30 25 -0.00451071 -0.0545757 -0.0165464
30 26 -0.00264754 -0.0430486 -0.0158245
30 27 -0.00193902 -0.0314122 -0.0111226
30 28 -0.00151239 -0.0215635 -0.00686333
30 29 -0.000698602 -0.0108187 -0.00371178
30 31 0.00047945 0.0106708 0.00398638
30 32 0.000704478 0.0211874 0.00809909
30 33 0.00133272 0.0311638 0.0130187
30 34 0.00272819 0.0431131 0.0124379
30 35 0.00255102 0.0536872 0.0173098
30 36 0.00334084 0.0647785 0.0183381
30 37 0.00305323 0.0747731 0.024088
30 38 0.00182641 0.0845627 0.0310803
30 39 0.00318783 0.0954363 0.0314432
30 40 0.00281603 0.101901 0.0344767
30 41 0.00345523 0.116436 0.0372431
30 42 0.00548148 0.127638 0.0358665
30 43 0.0022434 0.133659 0.0456242
30 44 0.00227765 0.145895 0.0491947
30 45 0.00226049 0.152362 0.0517008
30 46 0.00227858 0.165926 0.0540273
30 47 0.00177913 0.175404 0.0581228
30 48 0.00151122 0.185432 0.060521
30 49 0.000416688 0.194372 0.0655328
30 50 0.000929382 0.204241 0.0654946
31 1 -0.0436958 -0.301158 -0.0892031
31 2 -0.0415416 -0.291965 -0.0873951
31 3 -0.0365653 -0.282087 -0.0940752
31 4 -0.0374991 -0.273752 -0.0810452
31 5 -0.0354504 -0.264071 -0.0793681
31 6 -0.0334467 -0.254255 -0.0777756
31 7 -0.031426 -0.244342 -0.0755123
31 8 -0.0289203 -0.233137 -0.0750014
31 9 -0.0271476 -0.223534 -0.0665975
31 10 -0.0257614 -0.215263 -0.0668989
31 11 -0.0238398 -0.204937 -0.0649121
31 12 -0.0254045 -0.206242 -0.0581537
31 13 -0.0216199 -0.194905 -0.0604113
31 14 -0.0193576 -0.183769 -0.0581942
31 15 -0.0170823 -0.164787 -0.05274
31 16 -0.0154372 -0.153656 -0.0503129
31 17 -0.017834 -0.153112 -0.0403567
31 18 -0.0140382 -0.14149 -0.0432955
31 19 -0.0111224 -0.123168 -0.0398779
31 20 -0.00899711 -0.115465 -0.0291003
31 21 -0.00871491 -0.103812 -0.0326673
31 22 -0.00759516 -0.0932277 -0.0301017
31 23 -0.00523112 -0.0843274 -0.0197653
31 24 -0.0054922 -0.0726575 -0.0236272
31 25 -0.00408906 -0.0631223 -0.0224931
31 26 -0.00379697 -0.0540398 -0.0172957
31 27 -0.00275437 -0.0432368 -0.014812
31 28 -0.00199399 -0.0314852 -0.0103883
31 29 -0.00119201 -0.02143 -0.00749207
31 30 -0.00034817 -0.0106458 -0.00435805
31 32 0.000612225 0.010577 0.00343123
31 33 0.002908 0.0188861 0.0149583
31 34 0.00150865 0.0311573 0.00999283
31 35 0.00168003 0.0428168 0.0144372
31 36 0.00102757 0.0528788 0.0207171
31 37 0.00230671 0.0639999 0.0211941
31 38 0.00245571 0.074569 0.02493
31 39 0.00244401 0.0835326 0.0279228
31 40 0.0026942 0.0949508 0.0305755
31 41 0.00226816 0.105204 0.0352787
31 42 0.00146055 0.114862 0.0406057
31 43 0.00123253 0.125104 0.0441782
31 44 0.00242112 0.135866 0.043734
31 45 0.00135577 0.145412 0.0494943
31 46 0.00168113 0.155589 0.0509109
31 47 0.000262038 0.161032 0.0580245
31 48 0.000943298 0.174684 0.057083
31 49 0.000308197 0.184021 0.0606302
31 50 1.92386e-05 0.183561 0.0677013
32 1 -0.0415373 -0.309517 -0.116007
32 2 -0.0386467 -0.299207 -0.122376
32 3 -0.0399476 -0.293237 -0.0874927
32 4 -0.0379154 -0.284039 -0.0850192
32 5 -0.0358989 -0.274562 -0.0821222
32 6 -0.0377568 -0.271155 -0.0710945
32 7 -0.0319729 -0.254807 -0.0779961
32 8 -0.0322391 -0.250582 -0.0708558
32 9 -0.0281712 -0.234643 -0.0766801
32 10 -0.0263864 -0.225553 -0.0708078
32 11 -0.027842 -0.227567 -0.0645012
32 12 -0.0225396 -0.205492 -0.0642167
32 13 -0.0158702 -0.203099 -0.079546
32 14 -0.019118 -0.183887 -0.060663
32 15 -0.0206953 -0.185007 -0.0523185
32 16 -0.0188756 -0.174348 -0.0498321
32 17 -0.0167721 -0.163262 -0.0482282
32 18 -0.0135492 -0.146556 -0.0468884
32 19 -0.0112729 -0.133037 -0.0498446
32 20 -0.011002 -0.126212 -0.0396947
32 21 -0.00947766 -0.113497 -0.0393105
32 22 -0.00782986 -0.103801 -0.0325207
32 23 -0.00671551 -0.0934139 -0.0290012
32 24 -0.00470138 -0.0843556 -0.0198072
32 25 -0.00520791 -0.0755119 -0.0251509
32 26 -0.00499948 -0.0656773 -0.0193121
32 27 -0.00355856 -0.0541058 -0.0170538
32 28 -0.00279181 -0.0432556 -0.0135484
32 29 -0.0015267 -0.032089 -0.0117515
32 30 -0.00175321 -0.0218122 -0.00577956
32 31 -0.000270748 -0.0105491 -0.00451315
32 33 0.000462771 0.0105079 0.00346923
32 34 0.00263238 0.0189028 0.0144142
32 35 0.00297873 0.0292912 0.0170905
32 36 0.00147444 0.0425656 0.0142636
32 37 0.00170427 0.053089 0.0177944
32 38 -0.000774503 0.0626266 0.0270191
32 39 0.00174531 0.0722281 0.0240775
32 40 0.0018068 0.0822973 0.0274413
32 41 0.00184903 0.0937523 0.0320479
32 42 0.00197148 0.104741 0.0343062
32 43 0.00167673 0.114791 0.0379368
32 44 0.00140719 0.124656 0.0417905
32 45 0.00181948 0.135503 0.0425527
32 46 0.00136241 0.145063 0.0464127
32 47 0.000773545 0.154307 0.0503704
32 48 0.000305228 0.164143 0.0535525
32 49 -0.00053189 0.17259 0.0601954
32 50 -0.000575446 0.182611 0.0598075
33 1 -0.0446825 -0.322255 -0.0923654
33 2 -0.0422766 -0.310415 -0.110623
33 3 -0.0403331 -0.30331 -0.0894832
33 4 -0.0382749 -0.293686 -0.0892861
33 5 -0.0363131 -0.284842 -0.0851562
33 6 -0.0344242 -0.274309 -0.0866733
33 7 -0.0288164 -0.260358 -0.124486
33 8 -0.0307991 -0.259842 -0.0797226
33 9 -0.028577 -0.245055 -0.0785562
33 10 -0.0265503 -0.235557 -0.073689
33 11 -0.0222333 -0.229133 -0.0812024
33 12 -0.0245027 -0.227061 -0.0700062
33 13 -0.02122 -0.205832 -0.0653842
33 14 -0.0196715 -0.194321 -0.0636643
33 15 -0.01788 -0.184158 -0.0608485
33 16 -0.0164672 -0.17519 -0.0570847
33 17 -0.0147939 -0.163963 -0.0547417
33 18 -0.0141847 -0.157245 -0.0499398
33 19 -0.0128875 -0.15163 -0.0488346
33 20 -0.0109434 -0.134601 -0.0432318
33 21 -0.0103721 -0.123537 -0.0439521
33 22 -0.00844667 -0.11342 -0.0379106
33 23 -0.0071025 -0.103666 -0.0327392
33 24 0.000815203 -0.0948611 -0.0474978
33 25 -0.00596177 -0.0866732 -0.0276735
33 26 -0.00479834 -0.075737 -0.0248613
33 27 -0.00450071 -0.0652573 -0.0183654
33 28 -0.00264119 -0.053466 -0.0194649
33 29 -0.0018128 -0.0426326 -0.0161362
33 30 -0.00146558 -0.0320442 -0.0109784
33 31 -0.000804723 -0.0212968 -0.00749731
33 32 -0.000320734 -0.0105483 -0.00419466
33 34 0.000384402 0.0105826 0.00392561
33 35 0.000782577 0.0206903 0.00676692
33 36 0.00196155 0.0297672 0.0141401
33 37 0.00238558 0.0396367 0.0186232
33 38 0.00175751 0.0531991 0.0157109
33 39 0.00101505 0.0631814 0.0220654
33 40 -0.000581418 0.0728858 0.0293865
33 41 0.00136325 0.0835434 0.0278546
33 42 0.0029625 0.0955229 0.0242676
33 43 0.00106679 0.10381 0.0351554
33 44 0.000997284 0.113555 0.0380195
33 45 0.000627631 0.123692 0.0422694
33 46 0.000455974 0.133824 0.0441774
33 47 0.00031004 0.14374 0.0465934
33 48 -0.00109933 0.147179 0.0488399
33 49 -0.000547504 0.162741 0.0531738
33 50 -0.00103095 0.171603 0.0567945
34 1 -0.0447988 -0.331889 -0.0988453
34 2 -0.0426754 -0.322548 -0.0971176
34 3 -0.0407371 -0.313578 -0.0651424
34 4 -0.0390189 -0.304944 -0.0873225
34 5 -0.0366487 -0.2939 -0.094086
34 6 -0.0345665 -0.284883 -0.0874947
34 7 -0.0322693 -0.273406 -0.085605
34 8 -0.0306076 -0.266174 -0.0805359
34 9 -0.0286896 -0.255506 -0.081202
34 10 -0.0268242 -0.244207 -0.0769296
34 11 -0.0250449 -0.23597 -0.0743909
34 12 -0.0226448 -0.224512 -0.0763717
34 13 -0.0215127 -0.214387 -0.0723098
34 14 -0.0198891 -0.204493 -0.0674252
34 15 -0.0181054 -0.19461 -0.0632729
34 16 -0.0167476 -0.185304 -0.0617231
34 17 -0.0191932 -0.185454 -0.0510001
34 18 -0.0144671 -0.173346 -0.0554143
34 19 -0.0154429 -0.163645 -0.046091
34 20 -0.0104965 -0.145747 -0.0420412
34 21 -0.00991964 -0.133378 -0.0461295
34 22 -0.00914861 -0.125448 -0.0408653
34 23 -0.00775965 -0.115176 -0.0384647
34 24 -0.00794349 -0.105129 -0.0307943
34 25 -0.00577347 -0.0938683 -0.0315018
34 26 -0.00622441 -0.0871843 -0.0250487
34 27 -0.00445451 -0.0754082 -0.0242815
34 28 -0.00409103 -0.0651594 -0.0195291
34 29 -0.00340734 -0.0542893 -0.0157397
34 30 -0.00177581 -0.0421614 -0.0146418
34 31 -0.00140135 -0.0319887 -0.0113352
34 32 -0.000785063 -0.0212956 -0.00736634
34 33 -0.000451933 -0.0106362 -0.00320523
34 35 0.000154493 0.0103303 0.00423432
34 36 0.000568081 0.0212253 0.00709996
34 37 0.00120032 0.0304127 0.0117315
34 38 0.0030565 0.0386488 0.0219941
34 39 0.0010637 0.0523183 0.0171271
34 40 0.00102598 0.0628007 0.021316
34 41 0.00115632 0.0733168 0.0239822
34 42 0.000280664 0.0830872 0.0291204
34 43 0.000981309 0.0935604 0.0300341
34 44 0.000725001 0.102878 0.0335759
34 45 0.000988734 0.114224 0.0348459
34 46 0.000326395 0.123355 0.0394429
34 47 0.000602786 0.133705 0.0394322
34 48 -0.000373128 0.142719 0.0456244
34 49 -0.000983883 0.15202 0.0498117
34 50 -0.00144294 0.161029 0.0526454
35 1 -0.0452063 -0.341537 -0.105173
35 2 -0.0418851 -0.332139 -0.1115
35 3 -0.0407295 -0.323629 -0.0978686
35 4 -0.0388531 -0.313569 -0.0979818
35 5 -0.0367895 -0.305057 -0.0928711
35 6 -0.0349256 -0.294823 -0.0918222
35 7 -0.0324635 -0.283144 -0.08911
35 8 -0.0305016 -0.273609 -0.0856756
35 9 -0.029256 -0.265253 -0.0860989
35 10 -0.0274373 -0.255038 -0.0851545
35 11 -0.0251505 -0.244575 -0.0753181
35 12 -0.0234335 -0.24736 -0.0826902
35 13 -0.0163464 -0.233748 -0.0958651
35 14 -0.0200246 -0.214346 -0.0693793
35 15 -0.0184052 -0.204274 -0.0665124
35 16 -0.0200953 -0.206221 -0.059972
35 17 -0.0153708 -0.183971 -0.0617582
35 18 -0.0138717 -0.182912 -0.0631346
35 19 -0.0128035 -0.164336 -0.0460781
35 20 -0.0122156 -0.15479 -0.0526596
35 21 -0.0104268 -0.144594 -0.0473772
35 22 0.00654156 -0.133971 -0.0828472
35 23 -0.00918612 -0.125553 -0.0386816
35 24 -0.00313048 -0.115099 -0.047333
35 25 -0.00688075 -0.108252 -0.0339701
35 26 -0.00592526 -0.0972125 -0.0302105
35 27 -0.00463867 -0.0863124 -0.0280234
35 28 -0.00414015 -0.075364 -0.023787
35 29 -0.00313894 -0.0644322 -0.0206319
35 30 -0.00216988 -0.0524679 -0.0182141
35 31 -0.00211221 -0.0426203 -0.0134137
35 32 -0.00159098 -0.0318955 -0.00960515
35 33 -0.000374847 -0.0207648 -0.0088322
35 34 -0.000286762 -0.0106382 -0.00347606
35 36 0.000320032 0.0103153 0.00317022
35 37 0.000451726 0.0207138 0.00720672
35 38 0.00064575 0.031534 0.0106795
35 39 0.00113653 0.0424356 0.0116089
35 40 0.00101592 0.0525404 0.0158874
35 41 0.000686578 0.0609969 0.0205074
35 42 0.000319512 0.0713859 0.0276207
35 43 0.000302787 0.0821872 0.0274891
35 44 5.31718e-05 0.0910481 0.0308104
35 45 -3.95508e-07 0.102338 0.03408
35 46 0.000135768 0.112874 0.0355243
35 47 -0.000459522 0.122477 0.0399449
35 48 -0.000845724 0.132074 0.0429411
35 49 -0.000913133 0.142042 0.0424509
35 50 -0.00162761 0.150668 0.0487688
36 1 -0.0446677 -0.34953 -0.109927
36 2 -0.043605 -0.343907 -0.0981911
36 3 -0.040559 -0.330356 -0.112144
36 4 -0.0393495 -0.325187 -0.0935461
36 5 -0.0365473 -0.311777 -0.103769
36 6 -0.0349541 -0.306227 -0.0919345
36 7 -0.0325577 -0.294164 -0.0889197
36 8 -0.0307328 -0.283936 -0.0887646
36 9 -0.0290569 -0.276172 -0.0852253
36 10 -0.0270269 -0.264221 -0.0844212
36 11 -0.0255647 -0.256466 -0.0803439
36 12 -0.0255719 -0.258797 -0.0800139
36 13 -0.0220578 -0.236198 -0.0754311
36 14 -0.0201892 -0.224404 -0.0727289
36 15 -0.0209969 -0.227127 -0.0689954
36 16 -0.0188936 -0.216438 -0.0672445
36 17 -0.0182282 -0.205972 -0.061651
36 18 -0.0141779 -0.184146 -0.0624248
36 19 -0.0130261 -0.175438 -0.0561094
36 20 -0.0116343 -0.16464 -0.0557072
36 21 -0.0134602 -0.151906 -0.064586
36 22 -0.0094765 -0.144124 -0.0477467
36 23 -0.00847945 -0.133591 -0.0449664
36 24 -0.00577023 -0.125595 -0.0458684
36 25 -0.00728312 -0.118654 -0.0369818
36 26 -0.00673411 -0.108259 -0.0325914
36 27 -0.00626322 -0.097639 -0.0276343
36 28 -0.0039162 -0.0830868 -0.027095
36 29 -0.0034093 -0.074928 -0.0246495
36 30 -0.0028716 -0.0644294 -0.0200614
36 31 -0.00273176 -0.0538064 -0.0140568
36 32 -0.00121934 -0.0418997 -0.0157986
36 33 -0.00157397 -0.0301796 -0.0126859
36 34 -0.00106114 -0.0200066 -0.0089748
36 35 -0.000206206 -0.0103366 -0.00382109
36 37 -0.00074254 0.0112093 -0.000774506
36 38 0.000279231 0.0203129 0.00704599
36 39 0.000822611 0.0317757 0.00833098
36 40 0.000392608 0.0405433 0.0133233
36 41 0.000316265 0.0513931 0.0184038
36 42 0.00134664 0.0633798 0.0153892
36 43 0.000504245 0.072599 0.0219017
36 44 0.000568519 0.0830769 0.0234447
36 45 0.000196208 0.0926241 0.0275349
36 46 1.64964e-05 0.102629 0.0303036
36 47 -0.00104999 0.108492 0.046892
36 48 -0.00132551 0.121368 0.0398317
36 49 -0.00170991 0.130258 0.0438677
36 50 -0.0071984 0.137112 0.0337174
37 1 -0.0450108 -0.361372 -0.0963748
37 2 -0.0432258 -0.3532 -0.107904
37 3 -0.0407453 -0.341146 -0.107408
37 4 -0.0390996 -0.334443 -0.103038
37 5 -0.0365785 -0.3226 -0.0996208
37 6 -0.0345407 -0.314317 -0.0868636
37 7 -0.0327812 -0.303307 -0.0982242
37 8 -0.0308098 -0.294031 -0.0909492
37 9 -0.030688 -0.284751 -0.0978043
37 10 -0.0275495 -0.274631 -0.0849737
37 11 -0.0296265 -0.280802 -0.0802752
37 12 -0.0238903 -0.254501 -0.0817169
37 13 -0.0228072 -0.247525 -0.0786961
37 14 -0.0202585 -0.234406 -0.0788181
37 15 -0.0191162 -0.226985 -0.0749818
37 16 -0.0172172 -0.214467 -0.0695899
37 17 -0.0158384 -0.204262 -0.0676231
37 18 -0.0143938 -0.194065 -0.0634097
37 19 -0.0139351 -0.188409 -0.0593643
37 20 -0.0120803 -0.175047 -0.0576597
37 21 -0.0105148 -0.164678 -0.0542695
37 22 -0.00951674 -0.153866 -0.0520005
37 23 -0.00469044 -0.145165 -0.0612277
37 24 -0.00581227 -0.135356 -0.0490811
37 25 -0.00722133 -0.128969 -0.0416963
37 26 -0.00683103 -0.118523 -0.0359233
37 27 -0.00399324 -0.10556 -0.0412201
37 28 -0.00402184 -0.09577 -0.0334154
37 29 -0.0035269 -0.0852311 -0.028706
37 30 -0.00291219 -0.0730088 -0.0234213
37 31 -0.00621611 -0.0672029 -0.00701386
37 32 0.000858877 -0.0515471 -0.0254623
37 33 -0.00238558 -0.0396367 -0.0186232
37 34 -0.00036447 -0.0309608 -0.0133631
37 35 -0.000600136 -0.0212234 -0.00653373
37 36 -0.000281193 -0.0103925 -0.00345084
37 38 0.000193847 0.0100984 0.00357891
37 39 6.61739e-05 0.0206125 0.00795408
37 40 2.32027e-05 0.0311023 0.0112696
37 41 8.65427e-05 0.0414671 0.0145438
37 42 -5.96298e-05 0.0502935 0.0197852
37 43 -5.18532e-05 0.0613732 0.021235
37 44 -0.000952742 0.0694455 0.021569
37 45 -0.000465946 0.0813779 0.0278318
37 46 -0.000979651 0.0910603 0.0321044
37 47 -0.00113362 0.101022 0.0335014
37 48 -0.00152469 0.110349 0.0364974
37 49 -0.00217911 0.117878 0.0416783
37 50 -0.00248211 0.129135 0.0441286
38 1 -0.0449291 -0.370039 -0.111557
38 2 -0.0429137 -0.361293 -0.103012
38 3 -0.0407743 -0.3506 -0.116484
38 4 -0.0390366 -0.344235 -0.10712
38 5 -0.037265 -0.335618 -0.102647
38 6 -0.0348432 -0.322683 -0.105348
38 7 -0.0329609 -0.313871 -0.100251
38 8 -0.0287966 -0.300434 -0.146267
38 9 -0.0294701 -0.296542 -0.0931962
38 10 -0.026173 -0.282139 -0.127435
38 11 -0.0247562 -0.27416 -0.0931457
38 12 -0.023882 -0.264445 -0.0851871
38 13 -0.0213789 -0.255908 -0.0708848
38 14 -0.0200693 -0.244155 -0.082166
38 15 -0.0174069 -0.236623 -0.0561317
38 16 -0.0180165 -0.224262 -0.069583
38 17 -0.0185413 -0.226931 -0.068611
38 18 -0.0146378 -0.203752 -0.0665001
38 19 -0.013328 -0.19563 -0.063147
38 20 -0.01179 -0.185161 -0.0604692
38 21 -0.012407 -0.17355 -0.0647695
38 22 -0.00983331 -0.165874 -0.0546932
38 23 -0.00812511 -0.154611 -0.048882
38 24 -0.00709166 -0.146293 -0.0499771
38 25 -0.00763364 -0.139822 -0.0440254
38 26 -0.00651343 -0.128882 -0.0409431
38 27 -0.00553913 -0.117753 -0.0376378
38 28 -0.00453076 -0.104541 -0.0329495
38 29 -0.00407037 -0.0963194 -0.0304101
38 30 -0.00259789 -0.0843425 -0.0308242
38 31 -0.00347052 -0.0749492 -0.0219076
38 32 -0.00218626 -0.0635993 -0.0189749
38 33 -0.00166128 -0.0531914 -0.0163547
38 34 -0.000954753 -0.0420659 -0.013956
38 35 0.000252525 -0.0308302 -0.00756039
38 36 -0.000783736 -0.0214574 -0.00501116
38 37 -0.000162009 -0.0102037 -0.00384462
38 39 0.0001018 0.0103969 0.0034408
38 40 0.000102333 0.0202532 0.00770408
38 41 -0.000737655 0.0288351 0.018901
38 42 -0.000139504 0.0404445 0.0137497
38 43 -0.00032826 0.0512522 0.0171639
38 44 -0.000183045 0.0613569 0.0189871
38 45 -0.00062742 0.0710343 0.0238626
38 46 -0.000661841 0.0809233 0.0254554
38 47 -0.000991318 0.0904335 0.0286698
38 48 -0.00196295 0.0996836 0.0345304
38 49 -0.0042229 0.106854 0.0421993
38 50 -0.00311831 0.115964 0.0513126
39 1 -0.0448498 -0.37996 -0.115048
39 2 -0.0434341 -0.373319 -0.112652
39 3 -0.0369247 -0.362894 -0.126704
39 4 -0.0400907 -0.356266 -0.0942243
39 5 -0.0370473 -0.345302 -0.105222
39 6 -0.0352606 -0.335491 -0.104072
39 7 -0.0329536 -0.322858 -0.107505
39 8 -0.0313322 -0.316158 -0.0986668
39 9 -0.0294357 -0.306346 -0.0955555
39 10 -0.0263272 -0.291575 -0.135477
39 11 -0.0256593 -0.284329 -0.0909199
39 12 -0.0236386 -0.274299 -0.0900376
39 13 -0.0222186 -0.264389 -0.0882166
39 14 -0.0200412 -0.254769 -0.0785104
39 15 -0.0189611 -0.244162 -0.0803992
39 16 -0.0173071 -0.233856 -0.077603
39 17 -0.0159401 -0.223912 -0.0743409
39 18 -0.0144091 -0.213533 -0.0765569
39 19 -0.0135035 -0.205263 -0.0680668
39 20 -0.0119217 -0.195109 -0.0640005
39 21 -0.0107831 -0.184679 -0.0607215
39 22 -0.00975612 -0.173851 -0.0589076
39 23 -0.00842328 -0.163576 -0.0560895
39 24 0.00492409 -0.1548 -0.083411
39 25 -0.00794919 -0.150251 -0.0463513
39 26 -0.00701104 -0.13945 -0.0426908
39 27 -0.00508262 -0.127713 -0.0428094
39 28 -0.00456948 -0.116778 -0.0379138
39 29 -0.00394659 -0.106477 -0.0341734
39 30 -0.00318783 -0.0954363 -0.0314432
39 31 -0.00228384 -0.0818152 -0.0275879
39 32 -0.0022245 -0.0739517 -0.0229533
39 33 -0.00113071 -0.0626481 -0.0225148
39 34 -0.00100854 -0.051219 -0.0199248
39 35 -0.00113653 -0.0424356 -0.0116089
39 36 -0.00041509 -0.030174 -0.0110659
39 37 -0.000480318 -0.0209231 -0.00591306
39 38 -0.00026447 -0.0105535 -0.00218596
39 40 0.000258808 0.0107314 0.0015472
39 41 -0.00229283 0.0210651 0.000237385
39 42 -0.000151613 0.0300349 0.00961903
39 43 -0.00245067 0.0403268 0.00751054
39 44 -0.000729715 0.0502832 0.0147946
39 45 -0.00130719 0.0594298 0.0258766
39 46 -0.0010979 0.0687961 0.0231244
39 47 -0.00139171 0.078549 0.032837
39 48 -0.00143406 0.0902561 0.027919
39 49 -0.00254173 0.0981643 0.0373211
39 50 -0.00124416 0.110067 0.0285032
40 1 -0.0314197 -0.390429 -0.167431
40 2 -0.0426734 -0.382782 -0.118696
40 3 -0.0583984 -0.375554 -0.0492178
40 4 -0.0391148 -0.364494 -0.112886
40 5 -0.0369031 -0.354805 -0.113293
40 6 -0.0330337 -0.340259 -0.153907
40 7 -0.0337901 -0.337401 -0.0896995
40 8 -0.0311521 -0.325656 -0.105225
40 9 -0.0292754 -0.315829 -0.102647
40 10 -0.027426 -0.305563 -0.104397
40 11 -0.0257987 -0.29573 -0.0987575
40 12 -0.0247033 -0.291106 -0.0908973
40 13 -0.0221046 -0.274147 -0.0903304
40 14 -0.020121 -0.263951 -0.0891874
40 15 -0.0186144 -0.25419 -0.080763
40 16 -0.0171895 -0.243795 -0.0808431
40 17 -0.019249 -0.247824 -0.0734102
40 18 -0.014654 -0.225284 -0.0758301
40 19 -0.0133954 -0.214954 -0.0733379
40 20 -0.0119662 -0.20501 -0.0676107
40 21 -0.0107261 -0.194863 -0.0633962
40 22 -0.00969512 -0.183977 -0.0635353
40 23 -0.00849539 -0.173213 -0.0594746
40 24 -0.00598066 -0.166322 -0.0596551
40 25 -0.00743117 -0.15555 -0.0487001
40 26 -0.00624385 -0.148928 -0.0495515
40 27 -0.00566289 -0.138359 -0.0443842
40 28 -0.00499615 -0.127743 -0.0402467
40 29 -0.00319645 -0.115264 -0.0423857
40 30 -0.00247704 -0.10567 -0.0361311
40 31 -0.00261396 -0.0905673 -0.0336436
40 32 -0.00101999 -0.0840955 -0.0298912
40 33 -0.00125686 -0.0711006 -0.0228652
40 34 -0.00102598 -0.0628007 -0.021316
40 35 -0.00169927 -0.0532705 -0.0132901
40 36 -0.00265025 -0.0383934 -0.0213774
40 37 -0.000889356 -0.031892 -0.00763959
40 38 -0.000143853 -0.0203933 -0.00722211
40 39 -0.000258808 -0.0107314 -0.0015472
40 41 -7.93937e-05 0.0100717 0.00357874
40 42 -0.000228319 0.0204377 0.00750569
40 43 -0.000225134 0.0305655 0.00959306
40 44 -0.000278231 0.0406811 0.0117175
40 45 -0.000731757 0.0495843 0.017215
40 46 -0.000898828 0.0604293 0.0197652
40 47 -0.00155973 0.0681197 0.023301
40 48 -0.00167965 0.0795022 0.0266336
40 49 -0.00225735 0.0884524 0.0309639
40 50 -0.00277244 0.0965419 0.0327386
41 1 -0.0360909 -0.400727 -0.154476
41 2 -0.0386529 -0.391759 -0.136134
41 3 -0.0396803 -0.382759 -0.123222
41 4 -0.0389667 -0.374557 -0.115096
41 5 -0.0369752 -0.364888 -0.113024
41 6 -0.0382328 -0.363081 -0.101474
41 7 -0.0327737 -0.343169 -0.108902
41 8 -0.0316653 -0.33417 -0.0973253
41 9 -0.028874 -0.323774 -0.101793
41 10 -0.0265613 -0.311601 -0.0997372
41 11 -0.0286784 -0.321904 -0.0963646
41 12 -0.0232615 -0.292148 -0.0953223
41 13 -0.0227181 -0.287476 -0.0913036
41 14 -0.0204611 -0.27389 -0.0920245
41 15 -0.0191804 -0.266742 -0.0881872
41 16 -0.0170988 -0.253512 -0.0871751
41 17 -0.0196084 -0.258518 -0.0755084
41 18 -0.0180843 -0.247692 -0.072055
41 19 -0.0133412 -0.225118 -0.0757421
41 20 -0.0118968 -0.214435 -0.0729728
41 21 -0.0108763 -0.204118 -0.069175
41 22 -0.00960945 -0.193624 -0.0659872
41 23 -0.00815042 -0.183058 -0.0634894
41 24 0.012536 -0.172368 -0.109889
41 25 -0.00738004 -0.170147 -0.0549018
41 26 -0.00642099 -0.159579 -0.0516117
41 27 -0.0041672 -0.143594 -0.0528235
41 28 -0.00520559 -0.138128 -0.0433695
41 29 -0.00307655 -0.12647 -0.0442836
41 30 -0.00344298 -0.116188 -0.0375217
41 31 -0.00264613 -0.105179 -0.0339242
41 32 -0.00217234 -0.0948745 -0.0306541
41 33 -0.00114659 -0.0807954 -0.0269129
41 34 -0.0011411 -0.0732382 -0.023897
41 35 -0.000925699 -0.0626984 -0.0198706
41 36 -0.000316265 -0.0513931 -0.0184038
41 37 -0.00029015 -0.0415159 -0.0136159
41 38 0.000177968 -0.029979 -0.0111905
41 39 0.000176948 -0.019938 -0.00646412
41 40 7.93937e-05 -0.0100717 -0.00357874
41 42 -0.000818386 0.0102242 0.00132237
41 43 -0.00022024 0.020135 0.00644938
41 44 -0.000241843 0.0300906 0.00903712
41 45 -0.000849908 0.0388509 0.0129622
41 46 -0.00102302 0.0488813 0.015932
41 47 -0.00119908 0.0596011 0.0188716
41 48 -0.00117069 0.0719873 0.00784643
41 49 -0.0021572 0.077131 0.0265491
41 50 -0.00334279 0.0871851 0.0342969
42 1 -0.0407184 -0.410867 -0.140433
42 2 -0.0428123 -0.403101 -0.12333
42 3 -0.045131 -0.393185 -0.104216
42 4 -0.0453569 -0.383928 -0.0930815
42 5 -0.0365109 -0.374318 -0.11753
42 6 -0.0337985 -0.362095 -0.141842
42 7 -0.0328094 -0.354793 -0.112045
42 8 -0.031055 -0.346036 -0.105652
42 9 -0.0290184 -0.335907 -0.105189
42 10 -0.0292207 -0.342081 -0.106307
42 11 -0.0309746 -0.333527 -0.0925741
42 12 -0.0247098 -0.320356 -0.10413
42 13 -0.0259133 -0.311396 -0.0909311
42 14 -0.0201243 -0.283548 -0.094672
42 15 -0.0192455 -0.278099 -0.0898842
42 16 -0.0207889 -0.279257 -0.0821465
42 17 -0.0194169 -0.268614 -0.078414
42 18 -0.0148483 -0.245934 -0.079672
42 19 -0.0164766 -0.246943 -0.0721114
42 20 -0.0164561 -0.209711 -0.193926
42 21 -0.0103298 -0.213954 -0.0735148
42 22 -0.00968806 -0.205997 -0.0684913
42 23 0.0158817 -0.191841 -0.127632
42 24 0.00330762 -0.185306 -0.0905862
42 25 -0.00734177 -0.180571 -0.058366
42 26 -0.00659291 -0.16987 -0.0540656
42 27 -0.00520671 -0.158961 -0.0520329
42 28 -0.0060727 -0.148991 -0.0441687
42 29 -0.00135672 -0.131819 -0.0574158
42 30 -0.00273985 -0.126348 -0.0421917
42 31 -0.00245718 -0.115317 -0.0375384
42 32 -0.000919987 -0.104346 -0.0369631
42 33 -0.00118982 -0.0917048 -0.0309951
42 34 -0.000667255 -0.0833408 -0.02804
42 35 -0.000866622 -0.0732 -0.0234449
42 36 -0.000211647 -0.060796 -0.0205035
42 37 -2.38689e-06 -0.0503469 -0.0165119
42 38 -0.00165097 -0.0428134 -0.00592283
42 39 0.000372807 -0.029673 -0.0141966
42 40 6.26208e-05 -0.0204695 -0.00598532
42 41 0.000818386 -0.0102242 -0.00132237
42 43 -0.000162139 0.00988747 0.00340196
42 44 -0.000100103 0.0191883 0.00741879
42 45 0.000459239 0.0313448 0.00411647
42 46 -0.00104096 0.0396595 0.0145585
42 47 -0.00111107 0.049887 0.0149811
42 48 -0.00167547 0.0579111 0.0204287
42 49 -0.00218983 0.0681687 0.0246079
42 50 -0.00264715 0.077744 0.0270086
43 1 -0.0456863 -0.421285 -0.124144
43 2 -0.0425904 -0.412606 -0.126699
43 3 -0.0392264 -0.402157 -0.128911
43 4 -0.038458 -0.392774 -0.12172
43 5 -0.0364463 -0.385176 -0.115779
43 6 -0.0371052 -0.381961 -0.110157
43 7 -0.0324333 -0.365365 -0.114758
43 8 -0.0306803 -0.353344 -0.106862
43 9 -0.0287403 -0.345975 -0.107753
43 10 -0.026652 -0.333233 -0.128521
43 11 -0.0266637 -0.331671 -0.101257
43 12 -0.0234853 -0.306406 -0.177169
43 13 -0.0220396 -0.306884 -0.0972036
43 14 -0.0220299 -0.309727 -0.0976769
43 15 -0.021803 -0.299775 -0.0893655
43 16 -0.0202346 -0.289103 -0.086651
43 17 -0.0155931 -0.264726 -0.090116
43 18 -0.0159692 -0.266702 -0.0844348
43 19 -0.0133363 -0.24511 -0.0797741
43 20 -0.0118273 -0.234163 -0.078945
43 21 -0.010414 -0.223356 -0.0762271
43 22 -0.00932484 -0.213163 -0.0725094
43 23 -0.00847258 -0.202897 -0.0690825
43 24 -0.00721104 -0.193065 -0.0648232
43 25 -0.00768845 -0.190953 -0.0595029
43 26 -0.00683655 -0.179976 -0.055673
43 27 -0.00505963 -0.16847 -0.0553401
43 28 -0.004622 -0.158255 -0.0511975
43 29 -0.00307863 -0.146691 -0.0492169
43 30 -0.00282599 -0.135947 -0.045525
43 31 -0.00245878 -0.12567 -0.0405993
43 32 -0.00198517 -0.114922 -0.0371722
43 33 0.000735845 -0.103222 -0.0392588
43 34 -0.000981309 -0.0935604 -0.0300341
43 35 -0.000146123 -0.081892 -0.0303674
43 36 7.57551e-05 -0.0705841 -0.024452
43 37 0.000141446 -0.0594155 -0.0208089
43 38 0.00032826 -0.0512522 -0.0171639
43 39 0.000133349 -0.0407689 -0.0131527
43 40 -4.05191e-05 -0.0310057 -0.00631556
43 41 0.000384764 -0.019983 -0.00657658
43 42 0.000191985 -0.0099356 -0.0033254
43 44 -0.00011693 0.0100286 0.00291884
43 45 -0.000217978 0.0200994 0.00520248
43 46 -0.000640553 0.029903 0.0091522
43 47 -0.001056 0.0390745 0.0129772
43 48 -0.00127719 0.049406 0.0150661
43 49 -0.00193382 0.0577895 0.0189489
43 50 -0.00235653 0.0678416 0.0224217
44 1 -0.0443861 -0.430916 -0.131265
44 2 -0.04296 -0.42206 -0.12672
44 3 -0.0388469 -0.411756 -0.132584
44 4 -0.0540712 -0.404972 -0.058611
44 5 -0.0377627 -0.393176 -0.130711
44 6 -0.0331592 -0.379446 -0.164954
44 7 -0.0310973 -0.367839 -0.178624
44 8 -0.0308654 -0.36857 -0.115985
44 9 -0.0281363 -0.350202 -0.15592
44 10 -0.030957 -0.363314 -0.105691
44 11 -0.0250792 -0.330323 -0.149297
44 12 -0.0224276 -0.339551 -0.11673
44 13 -0.021889 -0.316612 -0.10132
44 14 -0.0238591 -0.320901 -0.0939848
44 15 -0.0188808 -0.297865 -0.0958684
44 16 -0.0159427 -0.285162 -0.101263
44 17 -0.0155627 -0.274794 -0.0907793
44 18 -0.0141999 -0.275769 -0.0913585
44 19 -0.0125596 -0.254701 -0.0857804
44 20 -0.0111485 -0.242948 -0.0832729
44 21 -0.010295 -0.233037 -0.0802242
44 22 0.0150544 -0.222176 -0.137716
44 23 0.0172687 -0.211001 -0.138601
44 24 -0.00156205 -0.204651 -0.0832842
44 25 -0.00649999 -0.200401 -0.065813
44 26 -0.00521968 -0.189471 -0.0634286
44 27 -0.00464862 -0.178867 -0.0592458
44 28 -0.00351193 -0.167585 -0.0567982
44 29 -0.0042396 -0.157467 -0.0483345
44 30 -0.00237872 -0.142148 -0.0486813
44 31 -0.00225578 -0.135273 -0.0439224
44 32 -0.00140719 -0.124656 -0.0417905
44 33 -0.00130014 -0.11436 -0.0357825
44 34 -0.00032783 -0.102946 -0.0349841
44 35 4.41908e-05 -0.0923245 -0.0317873
44 36 -0.000155125 -0.082306 -0.0267096
44 37 9.54745e-06 -0.0718437 -0.0232877
44 38 0.000183045 -0.0613569 -0.0189871
44 39 0.000392977 -0.051073 -0.0164476
44 40 0.000933199 -0.0398441 -0.0168644
44 41 0.000166216 -0.0304724 -0.00841508
44 42 0.00016269 -0.0191807 -0.007251
44 43 0.000274887 -0.0100025 -0.00377997
44 45 -0.000276439 0.00977176 0.00336114
44 46 0.000617882 0.0211975 -0.000317225
44 47 -0.000931539 0.0286977 0.00972269
44 48 -0.0012977 0.0385104 0.0128871
44 49 -0.00298251 0.0471947 0.0136645
44 50 -0.00289167 0.0576857 0.0210906
45 1 -0.0357156 -0.439192 -0.16709
45 2 -0.0414764 -0.431371 -0.134137
45 3 -0.0335713 -0.420568 -0.156313
45 4 -0.0324157 -0.411248 -0.151231
45 5 -0.0359341 -0.403218 -0.126461
45 6 -0.0339078 -0.39487 -0.121078
45 7 -0.0328662 -0.390419 -0.120068
45 8 -0.0334953 -0.382551 -0.107982
45 9 -0.0287828 -0.381918 -0.123755
45 10 -0.0269058 -0.358244 -0.114961
45 11 -0.0262005 -0.351132 -0.107324
45 12 -0.0243234 -0.340895 -0.105009
45 13 -0.0215555 -0.325762 -0.10443
45 14 -0.0209225 -0.329332 -0.106181
45 15 -0.0205506 -0.31926 -0.0983162
45 16 -0.0165394 -0.294264 -0.0958354
45 17 -0.0157346 -0.297115 -0.0975887
45 18 -0.0140666 -0.27624 -0.0910244
45 19 -0.0151145 -0.276642 -0.0837225
45 20 -0.0118574 -0.252912 -0.0837954
45 21 -0.00995337 -0.242771 -0.0826186
45 22 -0.00896584 -0.232188 -0.0786379
45 23 -0.00738901 -0.220607 -0.0774702
45 24 -0.00637689 -0.210402 -0.0741657
45 25 -0.00617557 -0.210156 -0.0692452
45 26 -0.00653354 -0.200683 -0.0616987
45 27 -0.00482222 -0.188692 -0.0613655
45 28 -0.00438752 -0.178127 -0.0557107
45 29 -0.00374602 -0.167185 -0.0526131
45 30 -0.00184243 -0.155193 -0.0555296
45 31 -0.00226273 -0.145393 -0.0466934
45 32 -0.00102948 -0.133741 -0.0460679
45 33 -0.000579613 -0.121917 -0.0409672
45 34 -0.000360926 -0.112951 -0.0374505
45 35 3.95508e-07 -0.102338 -0.03408
45 36 -0.000196208 -0.0926241 -0.0275349
45 37 0.000604748 -0.0809622 -0.0277915
45 38 0.00062742 -0.0710343 -0.0238626
45 39 0.000594238 -0.0605925 -0.0199462
45 40 0.000930123 -0.0503266 -0.0186005
45 41 -1.63302e-05 -0.0410873 -0.00922988
45 42 -0.00162804 -0.0326239 0.00222621
45 43 0.000490162 -0.0194254 -0.00725583
45 44 0.000276439 -0.00977176 -0.00336114
45 46 -0.000294817 0.0097834 0.00329271
45 47 5.64197e-05 0.0182948 0.00834393
45 48 -0.00118452 0.0290201 0.0105729
45 49 -0.000298508 0.0365096 0.0158229
45 50 -0.00198815 0.0479971 0.016347
46 1 -0.0405995 -0.449431 -0.149686
46 2 -0.0418156 -0.440957 -0.134621
46 3 -0.03039 -0.429465 -0.171068
46 4 -0.0374251 -0.422144 -0.131787
46 5 -0.0355555 -0.412564 -0.129594
46 6 -0.033592 -0.402718 -0.127013
46 7 -0.0311027 -0.39553 -0.126543
46 8 -0.0297606 -0.38373 -0.120799
46 9 -0.0319531 -0.368525 -0.16237
46 10 -0.0260744 -0.36462 -0.115842
46 11 -0.0244616 -0.353813 -0.115516
46 12 -0.0241494 -0.34299 -0.119245
46 13 -0.0209856 -0.334531 -0.105548
46 14 -0.0181066 -0.337726 -0.118831
46 15 -0.0174518 -0.312533 -0.105127
46 16 -0.0181563 -0.318128 -0.0995406
46 17 -0.0167784 -0.307347 -0.096029
46 18 -0.0124448 -0.294905 -0.10447
46 19 -0.0121903 -0.273129 -0.091388
46 20 -0.0108056 -0.262269 -0.0897176
46 21 -0.00960876 -0.252152 -0.0859334
46 22 -0.00842937 -0.241419 -0.0825542
46 23 -0.00736937 -0.230712 -0.0795348
46 24 -0.00624713 -0.221047 -0.0760507
46 25 -0.00512049 -0.209429 -0.0730823
46 26 -0.00487818 -0.209332 -0.0693862
46 27 -0.00453097 -0.198864 -0.0644344
46 28 -0.00393503 -0.188169 -0.0602774
46 29 -0.00299177 -0.176569 -0.0573386
46 30 -0.00258707 -0.166658 -0.0528703
46 31 -0.000401081 -0.15023 -0.0575691
46 32 -0.000391684 -0.140933 -0.0486861
46 33 -0.000593711 -0.133958 -0.0434511
46 34 -0.000326395 -0.123355 -0.0394429
46 35 0.000550589 -0.110628 -0.0364297
46 36 -1.64964e-05 -0.102629 -0.0303036
46 37 0.000838204 -0.0911039 -0.0311986
46 38 0.00138449 -0.0785876 -0.0287406
46 39 0.000126932 -0.0663935 -0.0393268
46 40 0.001433 -0.0591173 -0.0210544
46 41 0.000989692 -0.0499734 -0.0161614
46 42 0.000899704 -0.0389738 -0.0148484
46 43 0.000438633 -0.0300805 -0.0079187
46 44 0.000859621 -0.0192288 -0.00825155
46 45 0.000735768 -0.00907793 -0.00616478
46 47 -0.00038661 0.00960382 0.00340055
46 48 -0.000773551 0.0190403 0.00657492
46 49 -0.00114451 0.0287626 0.00966164
46 50 -0.000815152 0.0398787 0.00614185
47 1 -0.0401057 -0.458914 -0.153332
47 2 -0.0410217 -0.450396 -0.138937
47 3 -0.0317579 -0.439005 -0.167507
47 4 -0.0370433 -0.432795 -0.132692
47 5 -0.0351567 -0.423182 -0.128865
47 6 -0.03322 -0.412573 -0.129977
47 7 -0.0312371 -0.404041 -0.118417
47 8 -0.032845 -0.401075 -0.112584
47 9 -0.0275461 -0.383375 -0.122146
47 10 -0.0257217 -0.373779 -0.119005
47 11 -0.0244158 -0.379927 -0.125397
47 12 -0.0213272 -0.354166 -0.106712
47 13 -0.0226727 -0.359933 -0.112483
47 14 -0.0211673 -0.349402 -0.108907
47 15 -0.017444 -0.322744 -0.106908
47 16 -0.0161944 -0.326544 -0.110393
47 17 -0.0174262 -0.317955 -0.0957001
47 18 -0.0138843 -0.297449 -0.0947386
47 19 -0.0134665 -0.29525 -0.0930286
47 20 -0.0103895 -0.271551 -0.0888895
47 21 -0.00861756 -0.260738 -0.0907442
47 22 -0.00776986 -0.24985 -0.086743
47 23 -0.00603418 -0.239166 -0.0873405
47 24 -0.00619061 -0.229557 -0.0764883
47 25 -0.00633032 -0.230235 -0.073205
47 26 -0.00526012 -0.21919 -0.0705985
47 27 -0.00429947 -0.208193 -0.0672983
47 28 -0.00448322 -0.197996 -0.0603262
47 29 -0.00273385 -0.186619 -0.0600256
47 30 -0.00196104 -0.175506 -0.0573361
47 31 -0.00139019 -0.164942 -0.0538916
47 32 -0.000944647 -0.153483 -0.0494737
47 33 -0.000308036 -0.143154 -0.0466235
47 34 0.000165518 -0.132442 -0.0430611
47 35 0.000549704 -0.121821 -0.0403433
47 36 0.000971654 -0.109832 -0.035923
47 37 0.000968892 -0.101214 -0.0325725
47 38 0.00154796 -0.0887613 -0.0314127
47 39 0.00119445 -0.0800451 -0.0261223
47 40 0.00123914 -0.0696576 -0.0229155
47 41 0.00119908 -0.0596011 -0.0188716
47 42 0.00111107 -0.049887 -0.0149811
47 43 0.00103289 -0.0393204 -0.0126462
47 44 0.000893812 -0.0292238 -0.009611
47 45 0.000538203 -0.0195883 -0.00554803
47 46 0.000466286 -0.00963503 -0.00321129
47 48 -0.000470195 0.00945449 0.00394805
47 49 -0.00081293 0.0186587 0.00625282
47 50 -0.00128031 0.0276317 0.00971519
48 1 -0.0460622 -0.468652 -0.129033
48 2 -0.0408622 -0.460204 -0.140327
48 3 -0.0335335 -0.448704 -0.16139
48 4 -0.0508368 -0.442397 -0.072195
48 5 -0.0347578 -0.431485 -0.13473
48 6 -0.0326899 -0.42134 -0.133643
48 7 -0.0324929 -0.41968 -0.125356
48 8 -0.0289656 -0.402419 -0.127039
48 9 -0.0277723 -0.398847 -0.124719
48 10 -0.0265542 -0.400998 -0.12811
48 11 -0.0234518 -0.373113 -0.120158
48 12 -0.0216604 -0.363005 -0.115591
48 13 -0.0200554 -0.35296 -0.110644
48 14 -0.0187205 -0.342028 -0.113526
48 15 -0.0169345 -0.332308 -0.108675
48 16 -0.0177882 -0.337809 -0.105091
48 17 -0.0121421 -0.324821 -0.114384
48 18 -0.0121359 -0.315468 -0.106497
48 19 -0.0123911 -0.30449 -0.0998302
48 20 -0.00968169 -0.279705 -0.0959862
48 21 -0.00885453 -0.270752 -0.092024
48 22 -0.00720064 -0.260998 -0.0868592
48 23 -0.00757761 -0.249299 -0.0893674
48 24 -0.00570644 -0.240164 -0.0805293
48 25 -0.00586635 -0.240075 -0.0768068
48 26 -0.00417047 -0.221921 -0.0721908
48 27 -0.00273605 -0.210855 -0.0728713
48 28 -0.00387679 -0.208422 -0.0632348
48 29 -0.00293819 -0.191775 -0.0534014
48 30 -0.00197984 -0.185445 -0.0586846
48 31 -0.00071822 -0.174327 -0.0577311
48 32 0.00208536 -0.157993 -0.0783479
48 33 0.00137468 -0.148425 -0.0577966
48 34 0.00198167 -0.142011 -0.050128
48 35 0.00109246 -0.131937 -0.0440669
48 36 0.00123567 -0.12109 -0.0402762
48 37 0.00154657 -0.110653 -0.037021
48 38 0.00179431 -0.0997659 -0.0347386
48 39 0.00180557 -0.0891991 -0.0302891
48 40 0.0021299 -0.0777714 -0.0277399
48 41 0.0004777 -0.0648012 -0.0403525
48 42 0.00206889 -0.0582687 -0.0172012
48 43 0.0014056 -0.0492465 -0.0156908
48 44 0.00127081 -0.0388252 -0.0131776
48 45 0.00122985 -0.028906 -0.0107298
48 46 0.000732534 -0.0187696 -0.00661914
48 47 0.000459062 -0.00926752 -0.00377419
48 49 -0.000377726 0.0094473 0.00232649
48 50 -0.000871017 0.0182578 0.00642843
49 1 -0.0469379 -0.478127 -0.125335
49 2 -0.0400945 -0.468744 -0.144408
49 3 -0.0414824 -0.45914 -0.126731
49 4 -0.0360656 -0.450001 -0.140353
49 5 -0.0341502 -0.440578 -0.1375
49 6 -0.0321665 -0.431478 -0.13352
49 7 -0.0302112 -0.421258 -0.13269
49 8 -0.0283808 -0.412559 -0.129284
49 9 -0.0293996 -0.421814 -0.128801
49 10 -0.0266039 -0.410714 -0.129217
49 11 -0.0245616 -0.399911 -0.127197
49 12 -0.0218519 -0.388707 -0.127967
49 13 -0.021189 -0.378717 -0.121112
49 14 -0.0179968 -0.351155 -0.114314
49 15 -0.0163716 -0.341005 -0.111798
49 16 -0.0160371 -0.346229 -0.11349
49 17 -0.0169042 -0.337055 -0.101076
49 18 -0.0161365 -0.326797 -0.0948602
49 19 -0.0113937 -0.305264 -0.098988
49 20 -0.00960997 -0.290977 -0.096915
49 21 -0.00846203 -0.279875 -0.0950613
49 22 -0.00842147 -0.268387 -0.0977525
49 23 -0.00458173 -0.257232 -0.0973536
49 24 -0.00269752 -0.246808 -0.100108
49 25 -0.0053501 -0.249373 -0.0800706
49 26 -0.00327403 -0.237122 -0.0808238
49 27 -0.00243063 -0.220892 -0.0749947
49 28 -0.00219785 -0.21602 -0.0729799
49 29 -0.000757087 -0.204317 -0.0737884
49 30 -0.00108145 -0.194634 -0.0625018
49 31 -0.000570116 -0.184251 -0.0598603
49 32 -0.000218728 -0.174038 -0.0558162
49 33 0.000524207 -0.162742 -0.0526883
49 34 0.000983883 -0.15202 -0.0498117
49 35 0.00115441 -0.14163 -0.0448797
49 36 0.00180062 -0.130374 -0.0438059
49 37 0.00246016 -0.119771 -0.0412674
49 38 0.00207202 -0.109425 -0.0365699
49 39 0.00212365 -0.0975204 -0.0323344
49 40 0.00237104 -0.0872178 -0.0296827
49 41 0.0023254 -0.0781446 -0.0276399
49 42 0.00175615 -0.0694163 -0.0184956
49 43 0.00173702 -0.0585122 -0.018687
49 44 0.00179952 -0.0476293 -0.0153986
49 45 0.00151338 -0.0377075 -0.0125959
49 46 0.00114475 -0.0285682 -0.00933923
49 47 0.000892962 -0.0189115 -0.00579168
49 48 0.000465045 -0.00906469 -0.00443146
49 50 -0.000561169 0.00904755 0.00448308
50 1 -0.0407703 -0.486347 -0.152744
50 2 -0.0396747 -0.478381 -0.147503
50 3 -0.0358418 -0.467324 -0.152968
50 4 -0.0355739 -0.459554 -0.141107
50 5 -0.0337188 -0.449811 -0.140331
50 6 -0.0316752 -0.440447 -0.1374
50 7 -0.0295536 -0.430972 -0.134172
50 8 -0.0277727 -0.4211 -0.132278
50 9 -0.0277703 -0.430594 -0.135442
50 10 -0.0241957 -0.400828 -0.128657
50 11 -0.019646 -0.406874 -0.146174
50 12 -0.0236056 -0.400062 -0.122458
50 13 -0.0226887 -0.389806 -0.116127
50 14 -0.0221542 -0.38028 -0.110211
50 15 -0.0151991 -0.365147 -0.127032
50 16 -0.0175322 -0.357286 -0.108201
50 17 -0.0138389 -0.344728 -0.114467
50 18 -0.0137381 -0.334483 -0.104366
50 19 -0.0118603 -0.323948 -0.102649
50 20 -0.00910405 -0.300486 -0.097467
50 21 -0.00804211 -0.290099 -0.094394
50 22 -0.00683456 -0.278136 -0.0950092
50 23 -0.00651005 -0.268164 -0.0933369
50 24 -0.00456585 -0.258113 -0.0879465
50 25 -0.00492226 -0.258727 -0.082326
50 26 -0.00435558 -0.248239 -0.0773273
50 27 -0.00280389 -0.236494 -0.0779516
50 28 -0.00206973 -0.226094 -0.0737354
50 29 -0.000951475 -0.214291 -0.0728817
50 30 -0.00162993 -0.204722 -0.0626586
50 31 -0.000957572 -0.194022 -0.0594005
50 32 0.000986506 -0.18176 -0.0634435
50 33 -0.00210656 -0.175769 -0.0397393
50 34 0.00147866 -0.160681 -0.0525024
50 35 0.00167286 -0.150235 -0.0480806
50 36 0.00221846 -0.139287 -0.0468341
50 37 0.00238412 -0.12941 -0.0432687
50 38 0.00311831 -0.115964 -0.0513126
50 39 0.00138677 -0.109818 -0.0296218
50 40 0.00270525 -0.0981919 -0.032724
50 41 0.00260697 -0.0876648 -0.0283179
50 42 0.00264715 -0.077744 -0.0270086
50 43 0.0022142 -0.0678884 -0.0213451
50 44 0.00220787 -0.0581137 -0.0190193
50 45 0.00192433 -0.0479344 -0.0156388
50 46 0.00134857 -0.0386633 -0.0105146
50 47 0.00142077 -0.0281724 -0.0112991
50 48 0.000896815 -0.0187135 -0.00666447
50 49 0.000375558 -0.00975433 -0.00120674
