232  0.141324 -0.080224 0.0271763 -0.811572   1.00974   7.18342
236   0.169447  -0.081422 0.00661909 -0.92182 0.954333  7.46506
63    0.193897  -0.0311283 -0.00582245 -0.40136 0.381239  2.93372
61     0.17623   -0.033205 0.000749599 -0.410029  0.422711   2.89397
86   0.201036  0.0317031 -0.0178721 -0.488893  0.516325   3.83999
1    0.194956  -0.0358436 -0.00882371 -0.0141332  -0.023847 -0.0435802
18   0.201938 -0.0532505 -0.0137642 -0.265542   0.19967   1.65604
4   0.197555 -0.0652354 0.00948977 -0.102604 0.0586465  0.423997
0    0.190133   -0.034144 -0.00689328 0 0 0
3   0.198069 -0.0558544 0.00136551 -0.00391083   0.0232568  0.00719269
7   0.196607 -0.0665683  0.0128144 -0.159498 0.0686301  0.719247
12    0.216328  -0.0588565 -0.00473235 -0.181301  0.088904  0.977197
6   0.199705 -0.0630032  0.0149966 -0.164138 0.0429426  0.668369
16   0.210535 -0.0624169 -0.0121598 -0.252177  0.178751   1.40031
10    0.212115  -0.0617081 -0.00320146 -0.177154 0.0870453  0.929183
14     0.21339  -0.0633042 -0.00848553 -0.212058  0.107371  0.975588
2   0.197236 -0.0431773 -0.0054178 -0.0170058  0.0170435  0.0104513
9    0.206801  -0.0639459 -0.00111807 -0.185288 0.0693385   0.89594
13     0.21397  -0.0616193 -0.00532484 -0.176614 0.0886651  0.977671
8   0.200541 -0.0685645 0.00403345 -0.218755 0.0627747   0.81625
11    0.215867  -0.0606817 -0.00503222 -0.203451 0.0745705  0.933961
15    0.215807  -0.0630175 -0.00984178 -0.182658  0.115898   1.07389
5   0.200059 -0.0640759  0.0158995 -0.159499 0.0795709  0.681497
17   0.207131 -0.0568413 -0.0129146 -0.240908  0.162292   1.40365
26    0.223139  -0.0463061 -0.00983417 -0.335773   0.24379   1.86506
20   0.185804 -0.0531219 -0.0132778 -0.306049  0.227882   1.66036
23   0.196938  -0.047013 -0.0144583 -0.317405  0.242257   1.80178
29    0.247238  -0.0515417 -0.00657321  -0.3264 0.235725  1.91679
31   0.239621 -0.0525017 0.00223312 -0.338511  0.250109   1.92246
22   0.193465 -0.0541652 -0.0191573 -0.313546  0.259752   1.80709
33   0.223869 -0.0552496 0.00510123 -0.344649  0.246355   1.95376
25   0.208241 -0.0424969 -0.0033573 -0.331829   0.26497   1.77347
21   0.189915 -0.0549031  -0.015607 -0.286044  0.259739   1.68923
19  0.193627 -0.053334  -0.01363 -0.295246  0.205125   1.64643
24    0.201048  -0.0399843 -0.00601068 -0.288674  0.237493   1.72285
27   0.235146 -0.0483315 -0.0139819 -0.330291  0.257945   1.90376
28   0.247114 -0.0492603  -0.012188 -0.320356  0.222893   1.88221
30     0.24129  -0.0530509 -0.00211969 -0.332023  0.241369   1.91828
32   0.233389 -0.0522891 0.00335895 -0.333178  0.233905   1.92059
35    0.206826  -0.0579293 0.000589679 -0.346738  0.259721   1.96002
34   0.217261 -0.0565911 0.00446885 -0.335852  0.238669   1.96816
37     0.20391  -0.0735688 0.000511926 -0.374159  0.288225   2.05719
40   0.209035 -0.0990645  0.0204725 -0.492145  0.380602    2.6066
36    0.202846  -0.0653985 -0.00165725 -0.36665 0.288303  1.96527
177    0.21316  0.0463011 -0.0157156 -1.02827 0.908108   6.2511
176   0.211621  0.0639655 -0.0172785 -0.980698  0.947582    6.3145
180   0.236283  0.0467538 -0.0149971 -0.991135  0.821807   6.29236
179   0.236131  0.0493998 -0.0180065 -1.01346 0.839248  6.27422
178   0.225406  0.0430427 -0.0171501 -1.05843 0.880542  6.25103
181  0.227908  0.037064 -0.015593 -1.03777  0.85721  6.28725
183   0.225734  0.0299903 -0.0199679 -1.07879 0.879128  6.20267
188   0.216787  0.0144959 -0.0122321 -1.09759  0.95848  6.27008
185  0.229556 0.0268503 -0.026429 -1.12443 0.854135   5.9421
182   0.227132  0.0322795 -0.0180739 -1.05276 0.829858  6.15092
184   0.226681  0.0282835 -0.0236706 -1.07027 0.900238  6.28249
186   0.230761  0.0262995 -0.0263264 -1.11534 0.879943  6.01114
189    0.215507  0.00748485 -0.00783142 -1.13337 0.983037  6.26738
187   0.222116  0.0221674 -0.0203158 -1.08743 0.925547  6.13664
190   0.220641 0.00398932  -0.007274 -1.14665 0.978199  6.26961
191   0.222168 -0.0028831  -0.010631 -1.07055 0.955432  6.29867
195   0.210566 -0.0348089 -0.0134885 -0.957594  0.853835   6.51023
192    0.21827 -0.0125308 -0.0100558 -0.988675  0.929977   6.38643
193    0.211375  -0.0221846 -0.00488544 -0.954089  0.914763   6.48534
194   0.212762 -0.0325756 -0.0050375 -0.971664  0.873749   6.51623
196   0.211242 -0.0291562   -0.02198 -0.912457  0.821264   6.57596
198   0.214577 -0.0209916 -0.0201838 -0.830716  0.811388   6.59381
200   0.209082 -0.0301888 -0.0119377 -0.822103  0.810656   6.61514
199   0.212602 -0.0251795 -0.0157281 -0.815799  0.823607   6.62885
202   0.207975 -0.0315727 -0.0109331 -0.84252  0.81133  6.61636
197   0.211968 -0.0226372 -0.0231415 -0.887439  0.850793   6.67499
201    0.205309  -0.0336785 -0.00822947 -0.837307    0.8411   6.67136
203   0.205331 -0.0272995 -0.0141592 -0.824497  0.834654   6.71055
205   0.193644  -0.025227 -0.0153628 -0.780538  0.833368   6.75275
204   0.198773 -0.0231036 -0.0149591 -0.771487  0.817568   6.71634
207   0.180569 -0.0331195 -0.0233566 -0.765412  0.865251   6.80447
209   0.153735 -0.0279432 -0.0255439 -0.769483  0.898826   6.98085
211  0.138318   -0.0326 -0.035519 -0.847105  0.958552   6.89322
206    0.18732 -0.0295291 -0.0194161 -0.794543    0.8203   6.78488
208   0.173466  -0.032507 -0.0266992 -0.752481  0.850477   6.89176
210   0.135141 -0.0292141 -0.0263382 -0.855516  0.939793   6.88794
213   0.149891 -0.0177947  -0.047639 -0.787144  0.879361   6.83188
218   0.173373 -0.0394537 -0.0384407 -0.743454  0.825736   6.85363
214   0.163356  -0.016408 -0.0412195 -0.816803  0.893875   6.80899
253   0.195174  -0.110472 0.00978339 -1.10622  1.08552  7.69145
249    0.181334   -0.108796 -0.00503364 -1.13316  1.09713  7.66647
221   0.171993 -0.0430149 -0.0375813 -0.680839   0.88994   6.96661
223   0.156119 -0.0524671 -0.0338956 -0.731039  0.906742    6.9988
256    0.228108   -0.124105 -0.00300337 -1.02809  1.09848   7.7447
240   0.181265 -0.0743703 0.00634545 -1.04043 0.977756  7.30151
243    0.182456   -0.086825 -0.00181176 -1.12946   1.0982  7.47245
219   0.171351 -0.0416727 -0.0337693 -0.73724 0.856278  6.88428
217   0.178541 -0.0359463 -0.0435336 -0.715453  0.815956   6.82938
212   0.141632 -0.0294223 -0.0488693 -0.802527  0.892582   6.88888
215   0.170222 -0.0203335 -0.0404624 -0.745353  0.873965   6.78911
216   0.176416 -0.0296585  -0.043123 -0.733139  0.826649   6.78366
220    0.17205 -0.0448616  -0.034357 -0.764305  0.853818     6.859
226   0.152119   -0.05587 -0.0247326 -0.78332 0.994399  7.10999
222   0.164591 -0.0479739 -0.0366327 -0.71281 0.922067  7.04804
225    0.15788 -0.0531706 -0.0301483 -0.742605  0.929822   6.98518
227   0.147285 -0.0561571  -0.016669 -0.763512  0.986028   7.09414
224   0.155149 -0.0531135  -0.030247 -0.833621  0.964081   6.99366
228    0.140796  -0.0561218 -0.00757027 -0.762428  0.994441   7.12192
230   0.140216 -0.0692504 0.00850369 -0.785308   1.02635   7.15511
229   0.140445 -0.0626049 0.00105706 -0.775853   1.02508   7.15327
234  0.152998 -0.086347 0.0212366 -0.91876 0.978868  7.23049
231   0.138317 -0.0753916  0.0187836 -0.838363   1.03557    7.1839
258  0.224612 -0.132616 0.0154737 -1.04006  1.13498  7.75523
259   0.22535 -0.136557 0.0203622 -1.06165  1.14223   7.7653
280    0.24969  -0.191371 0.00694261 -1.41267  1.29459  8.69243
276  0.255366  -0.21616 0.0137665 -1.5569 1.29813 8.40323
275   0.25286 -0.223313 0.0142517 -1.64421  1.30605  8.38869
277  0.253622 -0.208045 0.0123652 -1.53294  1.29496  8.49708
273  0.234339 -0.216985  0.024777 -1.60039  1.34556  8.31824
272  0.225501 -0.215606 0.0325177 -1.58355  1.32757   8.2383
274  0.244431 -0.222653 0.0190376 -1.63067  1.32604  8.35336
279   0.25695 -0.191867 0.0079275 -1.43291  1.25049  8.59424
281   0.245985  -0.190976 0.00408334 -1.47011  1.27751  8.62261
285    0.22245  -0.169422 -0.0022943 -1.39793  1.25686  8.60848
287   0.228438  -0.164835 -0.0129454 -1.38805  1.29747  8.63929
284    0.232535    -0.17159 -0.00463158 -1.28408  1.24963  8.76022
283     0.240776     -0.17872 -0.000346432 -1.41474  1.32673  8.68169
286    0.227917   -0.166632 -0.00440506 -1.42443  1.28443  8.59728
296   0.270516  -0.139459 0.00287799 -1.34674   1.4551  9.65346
39   0.207194 -0.0939055  0.0130176 -0.452289  0.346824   2.38794
237   0.174334 -0.0821867 0.00683147 -0.926144  0.956159   7.35289
271  0.217495 -0.214723 0.0425844 -1.61081  1.36059  8.28837
173   0.210559  0.0800951 -0.0359081 -1.16968 0.899486  5.93506
300    0.247355   -0.139307 7.15608e-05 -1.37927  1.53973  10.0399
43   0.209141 -0.0958164  0.0139073 -0.489523  0.363987   2.68022
241   0.182392 -0.0787206 0.00367433 -1.07446  1.00213  7.31733
294    0.267555   -0.145313 -0.00862706 -1.42765  1.45167  9.43775
235   0.163773 -0.0849308  0.0117245 -0.980346  0.969167   7.32591
269  0.213022  -0.20582 0.0407234 -1.51485  1.35315  8.23945
298  0.258192 -0.145944 0.0078442 -1.40168  1.53274  10.0279
41   0.214328 -0.0953162  0.0285272 -0.497019  0.361456    2.6773
239   0.181138  -0.077677 0.00580869   -1.021 0.943719  7.28172
293     0.26127   -0.152685 -0.00942765 -1.44723  1.45013  9.32709
291   0.238918  -0.155596 0.00514261 -1.46953  1.42682  9.12264
290   0.231234  -0.150414 0.00263486 -1.41024  1.40388  9.16353
288   0.226918  -0.157978 -0.0173427 -1.37089  1.28661  8.68318
168   0.204643   0.136863 -0.0512876 -1.08027  0.97399  6.07138
295     0.27437   -0.141288 -0.00327013 -1.40284  1.48021  9.63759
38   0.207186 -0.0827575 0.00794333 -0.444116    0.3354   2.20131
170   0.219345   0.109217 -0.0534256 -1.11406 0.926022  5.88576
297   0.262556  -0.144546 0.00895491 -1.39776  1.51589  9.65885
238   0.179735 -0.0812122 0.00572007 -0.945298  0.919158   7.26498
289   0.229335  -0.151131 -0.0108695 -1.38737  1.32162  9.05084
292    0.252665   -0.158385 -0.00244605 -1.50972  1.46891  9.24766
233    0.14486 -0.0862558   0.027311 -0.925558   1.00142   7.20446
172   0.213084  0.0768131 -0.0439949 -1.13434 0.943962  6.08587
299   0.253323  -0.142649 0.00419548 -1.42703  1.53808   10.158
42   0.209013 -0.0921716  0.0245533 -0.479485  0.362067   2.64145
278  0.255829 -0.200065 0.0100941 -1.53973  1.23982  8.44297
282    0.245442   -0.183097 0.000734791 -1.39783  1.29797   8.6698
268  0.211993 -0.195836 0.0325166 -1.45263  1.31787  8.13147
270  0.214405 -0.209359 0.0425939 -1.53172   1.3473  8.24666
267   0.21488   -0.1817 0.0285487 -1.40945  1.30596  8.11095
264  0.222473 -0.152565  0.012871 -1.21389  1.22047  7.93921
263  0.225801 -0.146676 0.0112881 -1.1974 1.18249 7.82825
265  0.217794 -0.161013 0.0184838 -1.24662  1.24391  8.02436
262  0.221721 -0.143445 0.0186839 -1.1922 1.18463 7.78942
261  0.216117 -0.145226 0.0233789 -1.14705  1.16682  7.76932
266   0.21358  -0.17209 0.0251455 -1.36261  1.28104  8.06111
260  0.220837 -0.142207 0.0241873 -1.09957  1.15197  7.76938
257   0.22621 -0.128486 0.0060948 -1.02302  1.10764  7.75544
254   0.205401  -0.119319 0.00334195 -1.14572  1.10316  7.66437
252   0.186901  -0.105753 0.00868299 -1.09069  1.07618   7.7132
250   0.183592  -0.106993 -0.0100535 -1.08693  1.06442  7.69437
246    0.183811  -0.0949142 -0.00269173 -1.20457  1.12454  7.59853
242     0.183876   -0.0828899 -0.000499216 -1.13381  1.05089  7.46781
247   0.176189 -0.0913596 0.00312353 -1.13724  1.15216  7.63968
245    0.184781  -0.0948384 -0.00193961 -1.18632  1.14555  7.60647
248   0.176096 -0.0988577  0.0037383 -1.13768  1.16023   7.6572
244    0.182927  -0.0931941 -0.00255679 -1.18845   1.1246   7.5224
255    0.221342   -0.123908 -0.00393207 -1.11283  1.08391  7.70241
251     0.18494   -0.103772 -0.00243588 -1.06435  1.05036  7.71396
175   0.213299  0.0799222 -0.0237168 -1.05655 0.935097  6.21143
167   0.196937   0.137709 -0.0525258  -1.1048 0.904742  5.97324
169   0.218223   0.125827 -0.0539892 -1.14343 0.940476  6.00063
174   0.215156  0.0883971 -0.0281798 -1.10292 0.930169  6.11129
171    0.21854   0.086742 -0.0486009 -1.13846 0.934779  5.90413
166   0.194889   0.136624 -0.0528854 -1.08151 0.886068  5.94836
163   0.192914   0.135492 -0.0437012 -1.09477 0.888766   5.9396
159   0.194536   0.156669 -0.0414968 -1.08653 0.858116  5.90266
160   0.194444   0.151517 -0.0355576 -1.09614 0.860249  5.86157
158   0.195211   0.165887 -0.0502295 -1.09068 0.860266  5.88834
156   0.186463   0.184906 -0.0456464 -1.04481 0.875207   5.8491
154   0.172075   0.199837 -0.0348069 -1.04943 0.801262  5.68556
151   0.177831   0.224726 -0.0293441 -1.10238 0.886805  6.14539
153   0.171436   0.211887 -0.0307422 -1.03639 0.819345  5.69913
162   0.193478   0.142634 -0.0404638 -1.08174 0.877913  5.90454
165   0.193215   0.131786 -0.0531972 -1.12272 0.870865  5.98665
164   0.192286   0.131584 -0.0482993 -1.09508 0.883274  5.97178
161   0.193917   0.148201 -0.0366867 -1.09234 0.873599  5.89876
157   0.193351   0.175564 -0.0514782 -1.12169  0.92757  6.14368
155   0.178388   0.191323 -0.0414005 -1.04223 0.815549  5.69907
152   0.175306   0.222855 -0.0303678 -1.03804 0.835245  5.79697
150   0.179484   0.221248 -0.0336715 -1.06083 0.839802   5.8788
148 0.196014 0.240082 -0.04302 -0.922815   0.78265   5.53283
149  0.188034  0.228796 -0.041247 -0.975723  0.821225   5.76721
147   0.204029    0.24628 -0.0420139 -0.924639  0.778523   5.45914
144   0.218545   0.253212 -0.0426217 -0.942515  0.842158   5.82534
141     0.2186   0.246836 -0.0325128 -0.840384  0.721379    5.3455
138   0.214989   0.238472 -0.0246949 -0.840434   0.73305   5.34711
142   0.221403   0.249041 -0.0365056 -0.847828   0.72073   5.35412
139   0.219975   0.244077 -0.0230967 -0.804099  0.718723   5.36513
137   0.214397   0.236065 -0.0280727 -0.823206  0.756445    5.5731
134   0.196425   0.219187 -0.0217227 -0.807518  0.752763   5.37535
136   0.210804   0.231797 -0.0271364 -0.816904  0.739731    5.4076
135   0.204228   0.229232 -0.0252109 -0.798904  0.727738     5.356
131   0.203763   0.198622 -0.0428299 -0.79806 0.788937   5.3355
133   0.195964    0.20978 -0.0188618 -0.810763  0.758918    5.3479
146   0.211173   0.249943 -0.0429739 -0.936398   0.82515   5.59249
145   0.214235   0.252341 -0.0453805 -0.899824  0.795346   5.57749
143   0.221716   0.251358 -0.0405806 -0.868998  0.738426   5.40139
129   0.205385   0.191988 -0.0507961 -0.756298  0.797565   5.23919
132   0.198259   0.204209 -0.0278131 -0.796369  0.786316   5.36978
130   0.212037   0.195976 -0.0497421 -0.800238  0.798054   5.33305
128     0.1896   0.182162 -0.0485823 -0.750254  0.819209   5.22986
127   0.191014   0.172413 -0.0439494 -0.792431  0.819573   5.32041
126   0.198872   0.173258 -0.0419667 -0.761449  0.818717   5.35222
124   0.206115   0.171885 -0.0477401 -0.788467  0.759013   5.27903
140   0.219896   0.244766 -0.0271187 -0.826753  0.717039   5.35099
125   0.202615   0.174236 -0.0463067 -0.779468  0.798196   5.38371
122   0.208167    0.16276 -0.0393091 -0.721521  0.708703   5.17616
123   0.207988   0.169685 -0.0451915 -0.772417  0.736295   5.20345
121  0.206284   0.15617 -0.036501 -0.651424  0.699423   5.20758
119   0.208699   0.148827 -0.0335481 -0.527198  0.694116   5.12216
116   0.190988   0.135988 -0.0299536 -0.556903  0.716494   4.93486
112   0.184081   0.120447 -0.0108028 -0.545335  0.752857   4.81448
120  0.208978  0.153511 -0.032558 -0.544461  0.691128   5.20867
117   0.199393   0.139721 -0.0365864 -0.58978 0.691513   4.8848
113   0.178013   0.119842 -0.0126544 -0.569337  0.743576   4.86073
118   0.204097    0.14525 -0.0351482 -0.527761  0.692685   4.94685
115   0.178865   0.129331 -0.0216498 -0.565788  0.713832   4.83584
111   0.179985   0.121416 -0.0107508 -0.567339  0.752186   4.75697
108   0.194989   0.128363 -0.0133178 -0.596755   0.69522   4.64303
114   0.171836    0.12428 -0.0157713 -0.563986  0.742189   4.83429
110    0.182855    0.128717 -0.00820343 -0.540338  0.769727   4.75592
109   0.188388   0.133131 -0.0109473 -0.545256  0.751551   4.75753
106    0.19286   0.121364 -0.0058399 -0.544304  0.709043   4.63857
104     0.20033    0.111769 -0.00296094 -0.558658  0.716992   4.63058
102    0.215345    0.101693 -0.00371961 -0.554565  0.685857   4.51812
107   0.193781   0.125026 -0.0111915 -0.556541  0.717176   4.66118
100   0.217486  0.0960467 -0.0137338 -0.54366 0.653884  4.38632
99   0.211949  0.0933222 -0.0166037 -0.521204  0.662267    4.3043
97     0.19037   0.0866759 -0.00901399 -0.546806  0.683376   4.28805
98   0.200321  0.0909583 -0.0138532  -0.5433 0.679319  4.34166
95   0.183532  0.0778444 -0.0287636 -0.485833  0.661966   4.21083
92  0.172009 0.0698987 -0.025661 -0.47453 0.622744  3.98615
94   0.182345    0.07393 -0.0373659 -0.509104  0.664864   4.27637
91   0.177655  0.0638168 -0.0219945 -0.504435  0.629392   4.20974
93   0.182101  0.0729032 -0.0312946 -0.500259  0.644045   4.18068
96   0.186205  0.0823385 -0.0150901 -0.537255  0.666434    4.2518
90   0.186207  0.0600008 -0.0210328 -0.456706  0.593915   3.94204
88   0.197666  0.0491976 -0.0208693 -0.462939  0.546072   3.85526
105     0.1948   0.115456 -0.0030836 -0.579101  0.703763   4.62599
101    0.217624   0.0985117 -0.00715739 -0.558477   0.65652   4.39709
103    0.210354    0.105343 -0.00383058 -0.581614  0.681134   4.57407
87   0.200617  0.0405967 -0.0199108 -0.476778  0.527071   3.85844
83   0.192153  0.0254291 -0.0158156 -0.49486 0.476934   3.8015
79  0.167545 0.0127089 0.0047014 -0.508091  0.475313   3.69823
76   0.178668  0.0045677 0.00168905 -0.529591  0.525578   3.64738
73   0.185442  0.0103173 -0.0183773 -0.540692  0.558854   3.61737
77   0.174837 0.00865248 0.00524493 -0.498442  0.496125   3.66432
80    0.173738   0.0153066 -0.00319115 -0.550411  0.456415   3.78484
84   0.195769  0.0247503 -0.0155474 -0.485536  0.486373   3.79822
81   0.179426  0.0213563 -0.0119466 -0.52644  0.46027  3.79124
74   0.177415 0.00824951 -0.0140408 -0.538453  0.558326    3.5895
71   0.189801 0.00914342 -0.0123943 -0.532563  0.545909   3.52976
82   0.187352  0.0249903 -0.0160552 -0.512204  0.465657   3.80287
70    0.192589  0.00468749 -0.00814369 -0.471894  0.487747   3.30508
85    0.19923  0.0263715 -0.0169857 -0.492477   0.48284   3.79771
69    0.197586 -0.00102251 -0.00658322 -0.45216 0.468752  3.26708
66     0.20331  -0.0181516 -0.00143778 -0.394889  0.371775   2.96982
72    0.18671  0.0117478 -0.0165381 -0.513082  0.556471   3.54488
67    0.206271  -0.0103672 -0.00316057 -0.416374  0.392698   3.04329
65    0.203116  -0.0259415 -0.00483906 -0.391729  0.356213   2.95043
62    0.183192  -0.0328454 -0.00139378 -0.413757  0.406608   2.90698
59   0.173624 -0.0460872 -0.0182049 -0.435697  0.429241   2.89486
68    0.204074 -0.00494019 -0.00616143 -0.411762  0.443686   3.20506
64    0.200973  -0.0283949 -0.00600729 -0.369517  0.370846   2.94564
89   0.194315  0.0544986 -0.0225328 -0.469157  0.570087   3.89004
75    0.176961  0.00529387 -0.00520276 -0.549416  0.566525   3.64757
78    0.16857  0.0121895 0.00591949 -0.468893   0.47278   3.66445
58   0.177163 -0.0536842 -0.0201856 -0.466089   0.42248    2.8942
54   0.190554 -0.0713957 -0.0227567 -0.449162  0.391311   2.80695
60    0.173075   -0.037787 -0.00711222 -0.432414  0.427811   2.89393
56   0.169974 -0.0654369 -0.0162942 -0.489567  0.422495   2.85908
55   0.183536 -0.0696874 -0.0186894 -0.463009  0.386985   2.85958
52   0.199232 -0.0867701 -0.0222667 -0.500112  0.364803   2.79944
49    0.211524  -0.0935947 -0.00157001 -0.453043  0.334053   2.68418
44   0.214624 -0.0997056 0.00447957 -0.533904  0.378732   2.68056
47    0.222109  -0.0952893 -0.00349611 -0.426653  0.329796   2.68246
53   0.195265 -0.0772495 -0.0248186 -0.487163  0.388124   2.80915
51   0.204579 -0.0923618 -0.0161692 -0.475764  0.345258   2.79825
48    0.217193  -0.0943713 -0.00183178 -0.398181   0.32288   2.67971
50    0.210757  -0.0929754 -0.00595312 -0.456023  0.338061   2.71987
46   0.220329 -0.0974709 -0.0034031 -0.494383  0.356676   2.68039
57   0.171712 -0.0592083 -0.0171284 -0.484079   0.44283   2.88569
45    0.218709   -0.100412 -0.00159065 -0.515886  0.359015   2.68149
